Finding a fit for 100 stars, with 200 walkers for 500 steps.
Graphs will be plotted...
A table will be printed...
Each sample will have its paramaters made to be ascending...

 ____ GROUP 1 _____ 
Modelled mean: 1.01073440275, modelled std: 25.4831172976
'True' mean: 0.0, 'true' std: 5.0
With 0.372606005909% of the stars
 ____ GROUP 2 _____ 
Modelled mean: 18.628950582, modelled std: 24.8021689899
'True' mean: 20.0, 'true' std: 5.0
With 14.7648357698% of the stars
 ____ GROUP 3 _____ 
Modelled mean: 66.9861562854, modelled std: 31.9189857629
'True' mean: 70.0, 'true' std: 5.0
With 82.8862572719% of the stars


0       51.29%  43.23%   5.48%
1       47.15%  45.79%   7.05%
2       56.47%  39.54%   3.99%
3       57.62%  38.66%   3.72%
4       51.42%  43.15%   5.43%
5       58.00%  38.37%   3.63%
6       57.34%  38.88%   3.78%
7       50.00%  44.07%   5.93%
8       49.70%  44.26%   6.03%
9       51.25%  43.26%   5.49%
10      52.93%  42.12%   4.95%
11      58.81%  37.74%   3.46%
12      53.52%  41.70%   4.78%
13      51.39%  43.16%   5.44%
14      51.63%  43.01%   5.36%
15      54.03%  41.34%   4.63%
16      49.33%  44.50%   6.17%
17      55.76%  40.08%   4.17%
18      51.51%  43.08%   5.40%
19      60.90%  36.06%   3.04%
20      54.67%  40.88%   4.45%
21      50.86%  43.52%   5.62%
22      52.93%  42.11%   4.95%
23      52.29%  42.56%   5.15%
24      57.41%  38.83%   3.77%
25      25.16%  48.70%  26.14%
26      33.11%  50.40%  16.49%
27      37.34%  49.86%  12.81%
28      36.66%  50.00%  13.34%
29      34.21%  50.34%  15.45%
30      34.81%  50.29%  14.90%
31      41.26%  48.64%  10.10%
32      44.47%  47.22%   8.31%
33      40.84%  48.80%  10.36%
34      37.52%  49.81%  12.67%
35      29.76%  50.16%  20.08%
36      37.20%  49.89%  12.91%
37      33.50%  50.39%  16.11%
38      34.80%  50.29%  14.91%
39      32.10%  50.40%  17.50%
40      33.32%  50.39%  16.29%
41      34.75%  50.29%  14.96%
42      31.03%  50.33%  18.64%
43      30.00%  50.20%  19.80%
44      30.85%  50.31%  18.84%
45      27.40%  49.59%  23.02%
46      39.37%  49.30%  11.33%
47      39.45%  49.28%  11.27%
48      37.38%  49.85%  12.77%
49      40.04%  49.08%  10.88%
50      34.52%  50.32%  15.17%
51      36.77%  49.98%  13.25%
52      28.49%  49.90%  21.61%
53      37.76%  49.75%  12.48%
54      44.67%  47.12%   8.20%
55      41.44%  48.57%   9.99%
56      36.70%  49.99%  13.31%
57      39.17%  49.37%  11.47%
58      29.03%  50.02%  20.95%
59      39.85%  49.15%  11.00%
60      45.33%  46.79%   7.88%
61      38.38%  49.59%  12.03%
62      39.07%  49.40%  11.53%
63      38.55%  49.55%  11.90%
64      40.03%  49.09%  10.88%
65      34.96%  50.27%  14.77%
66      34.11%  50.35%  15.54%
67      33.47%  50.39%  16.14%
68      44.37%  47.27%   8.36%
69      38.32%  49.61%  12.07%
70      31.55%  50.37%  18.09%
71      40.90%  48.78%  10.33%
72      36.92%  49.95%  13.13%
73      37.11%  49.91%  12.98%
74      35.91%  50.14%  13.95%
75       2.45%  11.82%  85.73%
76       1.16%   6.66%  92.18%
77       2.48%  11.93%  85.58%
78       3.76%  16.24%  80.00%
79       4.75%  19.21%  76.04%
80       2.06%  10.35%  87.59%
81       2.91%  13.42%  83.67%
82       5.16%  20.36%  74.47%
83       2.32%  11.33%  86.35%
84       4.45%  18.34%  77.21%
85       3.26%  14.61%  82.14%
86       2.13%  10.62%  87.26%
87       1.77%   9.22%  89.02%
88       2.80%  13.05%  84.15%
89       3.38%  15.01%  81.61%
90       2.71%  12.75%  84.53%
91       4.23%  17.67%  78.10%
92       1.45%   7.91%  90.64%
93       1.96%   9.96%  88.08%
94       2.99%  13.70%  83.32%
95       2.59%  12.30%  85.11%
96       1.83%   9.48%  88.69%
97       1.60%   8.55%  89.84%
98       4.70%  19.06%  76.23%
99       2.12%  10.60%  87.27%

