Finding a fit for 1000 stars, with 100 walkers for 20000 steps.
Graphs will be plotted...
A table will be printed...
Each sample will have its paramaters made to be ascending...
Mean acceptance fraction: 0.065903
Autocorrelation time: [ 96.78223682  97.5828728   95.60525858  95.47787288  98.36312929
  95.29904559  91.63043089  96.58517769]
 ____ GROUP 1 _____ 
Modelled mean: -2.02839790191, modelled std: 9.52704396597
'True' mean: 0.0, 'true' std: 10.0
With 31.9414226824% of the stars
 ____ GROUP 2 _____ 
Modelled mean: 1.3327493601, modelled std: 6.17533714868
'True' mean: 20.0, 'true' std: 3.0
With 23.203239406% of the stars
 ____ GROUP 3 _____ 
Modelled mean: 22.0541325433, modelled std: 5.52036767671
'True' mean: 25.0, 'true' std: 5.0
With 51.3252287599% of the stars

Cumulative fractions for reference:
[0.0, 0.5, 0.75, 1.0]
Star #	Group 1	Group 2	Group 3
0	37.95%	48.25%	13.80%
1	64.13%	35.87%	 0.00%
2	67.53%	32.47%	 0.00%
3	84.48%	15.52%	 0.00%
4	36.90%	62.23%	 0.87%
5	45.28%	54.71%	 0.00%
6	43.77%	56.23%	 0.00%
7	36.68%	63.00%	 0.32%
8	28.20%	24.83%	46.98%
9	65.72%	34.28%	 0.00%
10	36.84%	62.38%	 0.77%
11	45.42%	54.58%	 0.00%
12	56.95%	43.05%	 0.00%
13	36.67%	62.92%	 0.41%
14	98.08%	 1.92%	 0.00%
15	51.29%	48.71%	 0.00%
16	91.54%	 8.46%	 0.00%
17	49.06%	50.94%	 0.00%
18	37.86%	59.22%	 2.92%
19	37.92%	58.95%	 3.13%
20	56.16%	43.84%	 0.00%
21	84.10%	15.90%	 0.00%
22	48.22%	51.78%	 0.00%
23	37.14%	62.75%	 0.12%
24	39.75%	60.23%	 0.02%
25	43.67%	56.32%	 0.00%
26	37.36%	45.43%	17.21%
27	36.67%	62.97%	 0.36%
28	38.43%	54.95%	 6.62%
29	 7.34%	 2.67%	89.99%
30	38.78%	61.19%	 0.03%
31	37.35%	61.00%	 1.65%
32	45.01%	54.99%	 0.00%
33	55.45%	44.55%	 0.00%
34	92.98%	 7.02%	 0.00%
35	94.79%	 5.21%	 0.00%
36	98.04%	 1.96%	 0.00%
37	55.72%	44.28%	 0.00%
38	53.43%	46.57%	 0.00%
39	53.84%	46.16%	 0.00%
40	37.77%	62.16%	 0.06%
41	22.34%	16.65%	61.01%
42	42.13%	57.87%	 0.01%
43	36.70%	62.82%	 0.49%
44	68.03%	31.97%	 0.00%
45	50.84%	49.16%	 0.00%
46	23.08%	17.59%	59.33%
47	80.73%	19.27%	 0.00%
48	38.09%	61.86%	 0.05%
49	36.74%	62.67%	 0.59%
50	47.13%	52.86%	 0.00%
51	96.18%	 3.82%	 0.00%
52	 5.00%	 1.37%	93.63%
53	37.51%	60.48%	 2.00%
54	56.96%	43.04%	 0.00%
55	45.87%	54.12%	 0.00%
56	28.74%	25.69%	45.57%
57	93.61%	 6.39%	 0.00%
58	36.72%	63.02%	 0.26%
59	36.68%	63.01%	 0.31%
60	77.95%	22.05%	 0.00%
61	38.52%	61.44%	 0.04%
62	39.30%	60.68%	 0.02%
63	60.13%	39.87%	 0.00%
64	37.19%	61.46%	 1.35%
65	39.03%	60.94%	 0.03%
66	16.47%	10.10%	73.43%
67	37.41%	62.50%	 0.09%
68	30.27%	28.27%	41.45%
69	56.09%	43.91%	 0.00%
70	46.57%	53.42%	 0.00%
71	20.75%	14.74%	64.51%
72	37.08%	62.80%	 0.13%
73	48.94%	51.05%	 0.00%
74	14.55%	 8.26%	77.18%
75	38.77%	61.20%	 0.03%
76	74.46%	25.54%	 0.00%
77	66.16%	33.84%	 0.00%
78	51.29%	48.71%	 0.00%
79	38.37%	55.91%	 5.72%
80	38.75%	61.22%	 0.03%
81	37.53%	62.40%	 0.08%
82	37.76%	47.24%	15.00%
83	44.82%	55.18%	 0.00%
84	82.66%	17.34%	 0.00%
85	37.51%	62.41%	 0.08%
86	74.70%	25.30%	 0.00%
87	60.32%	39.68%	 0.00%
88	39.95%	60.03%	 0.02%
89	37.87%	59.18%	 2.95%
90	36.59%	42.58%	20.84%
91	36.69%	63.01%	 0.30%
92	38.27%	50.54%	11.20%
93	38.01%	48.61%	13.38%
94	36.67%	62.93%	 0.40%
95	39.19%	60.79%	 0.03%
96	46.37%	53.62%	 0.00%
97	54.34%	45.66%	 0.00%
98	52.41%	47.59%	 0.00%
99	54.59%	45.41%	 0.00%
100	37.78%	59.53%	 2.69%
101	10.61%	 4.94%	84.45%
102	99.72%	 0.28%	 0.00%
103	63.77%	36.23%	 0.00%
104	40.49%	59.50%	 0.01%
105	38.42%	52.54%	 9.03%
106	40.85%	59.13%	 0.01%
107	36.63%	42.73%	20.63%
108	37.83%	47.58%	14.59%
109	40.02%	59.96%	 0.02%
110	38.82%	61.15%	 0.03%
111	70.96%	29.04%	 0.00%
112	43.11%	56.88%	 0.01%
113	39.52%	60.45%	 0.02%
114	36.67%	62.95%	 0.37%
115	50.57%	49.43%	 0.00%
116	36.09%	41.03%	22.89%
117	94.74%	 5.26%	 0.00%
118	37.58%	60.27%	 2.15%
119	37.39%	60.89%	 1.73%
120	91.31%	 8.69%	 0.00%
121	39.32%	60.66%	 0.02%
122	88.13%	11.87%	 0.00%
123	36.68%	62.99%	 0.34%
124	36.76%	62.61%	 0.63%
125	38.15%	57.75%	 4.10%
126	81.70%	18.30%	 0.00%
127	41.04%	58.95%	 0.01%
128	36.71%	62.75%	 0.53%
129	96.79%	 3.21%	 0.00%
130	99.56%	 0.44%	 0.00%
131	88.14%	11.86%	 0.00%
132	42.66%	57.33%	 0.01%
133	23.95%	18.71%	57.35%
134	85.33%	14.67%	 0.00%
135	54.58%	45.42%	 0.00%
136	37.05%	61.85%	 1.10%
137	56.14%	43.86%	 0.00%
138	78.44%	21.56%	 0.00%
139	38.01%	61.94%	 0.05%
140	43.63%	56.37%	 0.00%
141	37.09%	62.79%	 0.13%
142	46.01%	53.99%	 0.00%
143	74.10%	25.90%	 0.00%
144	21.53%	15.66%	62.81%
145	37.45%	62.46%	 0.08%
146	 1.14%	 0.06%	98.80%
147	43.38%	56.62%	 0.00%
148	51.36%	48.64%	 0.00%
149	90.23%	 9.77%	 0.00%
150	41.49%	58.50%	 0.01%
151	37.88%	59.15%	 2.98%
152	98.45%	 1.55%	 0.00%
153	85.11%	14.89%	 0.00%
154	37.66%	62.27%	 0.07%
155	68.56%	31.44%	 0.00%
156	43.15%	56.85%	 0.01%
157	59.45%	40.55%	 0.00%
158	37.45%	62.46%	 0.08%
159	38.56%	61.40%	 0.04%
160	36.98%	62.88%	 0.15%
161	38.75%	61.22%	 0.03%
162	 6.73%	 2.30%	90.97%
163	52.64%	47.36%	 0.00%
164	 4.68%	 1.22%	94.10%
165	44.34%	55.66%	 0.00%
166	46.04%	53.95%	 0.00%
167	36.72%	63.02%	 0.26%
168	98.88%	 1.12%	 0.00%
169	38.45%	53.51%	 8.04%
170	74.87%	25.13%	 0.00%
171	36.87%	62.95%	 0.18%
172	54.58%	45.42%	 0.00%
173	38.42%	52.45%	 9.14%
174	 2.76%	 0.45%	96.79%
175	37.01%	62.85%	 0.14%
176	65.62%	34.38%	 0.00%
177	22.58%	16.96%	60.46%
178	80.61%	19.39%	 0.00%
179	56.56%	43.44%	 0.00%
180	37.00%	61.97%	 1.03%
181	37.19%	62.70%	 0.11%
182	55.78%	44.22%	 0.00%
183	38.24%	50.34%	11.42%
184	96.58%	 3.42%	 0.00%
185	35.41%	39.10%	25.49%
186	 0.57%	 0.01%	99.42%
187	40.67%	59.32%	 0.01%
188	68.18%	31.82%	 0.00%
189	36.72%	63.02%	 0.25%
190	34.97%	37.97%	27.05%
191	37.23%	44.90%	17.86%
192	49.42%	50.58%	 0.00%
193	36.71%	62.77%	 0.52%
194	86.67%	13.33%	 0.00%
195	38.46%	61.50%	 0.04%
196	34.47%	36.74%	28.79%
197	38.39%	52.02%	 9.59%
198	57.69%	42.31%	 0.00%
199	37.88%	62.06%	 0.06%
200	65.59%	34.41%	 0.00%
201	36.90%	62.25%	 0.86%
202	54.99%	45.01%	 0.00%
203	29.30%	26.62%	44.09%
204	39.14%	60.83%	 0.03%
205	37.09%	62.79%	 0.12%
206	34.03%	35.72%	30.25%
207	39.17%	60.80%	 0.03%
208	42.99%	57.01%	 0.01%
209	92.48%	 7.52%	 0.00%
210	19.93%	13.79%	66.28%
211	29.71%	27.31%	42.98%
212	38.10%	58.07%	 3.84%
213	87.57%	12.43%	 0.00%
214	63.65%	36.35%	 0.00%
215	37.44%	45.74%	16.82%
216	31.91%	31.29%	36.80%
217	37.76%	62.18%	 0.06%
218	39.01%	60.96%	 0.03%
219	41.20%	58.79%	 0.01%
220	38.01%	58.52%	 3.47%
221	32.69%	32.83%	34.48%
222	 3.13%	 0.58%	96.29%
223	68.18%	31.82%	 0.00%
224	99.62%	 0.38%	 0.00%
225	43.38%	56.61%	 0.00%
226	72.99%	27.01%	 0.00%
227	36.80%	62.52%	 0.69%
228	41.44%	58.55%	 0.01%
229	37.70%	59.85%	 2.45%
230	20.01%	13.88%	66.12%
231	37.16%	61.53%	 1.31%
232	38.85%	61.12%	 0.03%
233	36.90%	62.93%	 0.17%
234	97.68%	 2.32%	 0.00%
235	37.95%	62.00%	 0.06%
236	37.28%	61.19%	 1.52%
237	33.53%	34.59%	31.88%
238	37.62%	62.31%	 0.07%
239	54.27%	45.73%	 0.00%
240	37.91%	58.99%	 3.10%
241	36.70%	63.02%	 0.28%
242	14.29%	 8.02%	77.69%
243	40.17%	59.82%	 0.02%
244	44.85%	55.15%	 0.00%
245	59.72%	40.28%	 0.00%
246	54.00%	46.00%	 0.00%
247	72.28%	27.72%	 0.00%
248	37.27%	62.63%	 0.10%
249	62.97%	37.03%	 0.00%
250	35.35%	38.96%	25.69%
251	95.74%	 4.26%	 0.00%
252	76.60%	23.40%	 0.00%
253	37.19%	62.70%	 0.11%
254	38.60%	61.37%	 0.04%
255	37.54%	62.38%	 0.08%
256	99.02%	 0.98%	 0.00%
257	38.13%	57.88%	 3.99%
258	54.22%	45.78%	 0.00%
259	60.61%	39.39%	 0.00%
260	13.03%	 6.91%	80.06%
261	43.22%	56.77%	 0.00%
262	36.70%	62.80%	 0.50%
263	36.70%	63.02%	 0.28%
264	36.68%	62.99%	 0.33%
265	37.41%	62.50%	 0.09%
266	37.26%	62.64%	 0.10%
267	74.69%	25.31%	 0.00%
268	95.35%	 4.65%	 0.00%
269	49.58%	50.42%	 0.00%
270	46.33%	53.67%	 0.00%
271	48.02%	51.98%	 0.00%
272	36.63%	42.74%	20.63%
273	35.28%	38.77%	25.95%
274	46.84%	53.15%	 0.00%
275	46.09%	53.91%	 0.00%
276	 8.41%	 3.35%	88.24%
277	37.09%	61.72%	 1.18%
278	44.96%	55.04%	 0.00%
279	37.00%	62.86%	 0.14%
280	45.48%	54.52%	 0.00%
281	36.70%	63.02%	 0.29%
282	74.47%	25.53%	 0.00%
283	 1.72%	 0.16%	98.12%
284	69.36%	30.64%	 0.00%
285	92.40%	 7.60%	 0.00%
286	37.97%	61.98%	 0.05%
287	51.72%	48.27%	 0.00%
288	46.43%	53.56%	 0.00%
289	46.00%	54.00%	 0.00%
290	52.49%	47.51%	 0.00%
291	36.90%	62.94%	 0.17%
292	46.97%	53.03%	 0.00%
293	95.86%	 4.14%	 0.00%
294	62.03%	37.97%	 0.00%
295	46.68%	53.32%	 0.00%
296	51.39%	48.61%	 0.00%
297	36.90%	62.93%	 0.16%
298	21.49%	15.61%	62.91%
299	43.37%	56.62%	 0.00%
300	52.29%	47.71%	 0.00%
301	38.44%	53.27%	 8.29%
302	40.82%	59.17%	 0.01%
303	37.10%	62.78%	 0.12%
304	22.55%	16.92%	60.53%
305	40.34%	59.65%	 0.01%
306	36.92%	62.18%	 0.90%
307	37.50%	62.42%	 0.08%
308	59.51%	40.49%	 0.00%
309	84.00%	16.00%	 0.00%
310	38.62%	61.35%	 0.04%
311	62.31%	37.69%	 0.00%
312	85.17%	14.83%	 0.00%
313	96.67%	 3.33%	 0.00%
314	99.53%	 0.47%	 0.00%
315	39.50%	60.48%	 0.02%
316	57.58%	42.42%	 0.00%
317	38.44%	54.49%	 7.07%
318	40.82%	59.17%	 0.01%
319	87.98%	12.02%	 0.00%
320	37.17%	61.52%	 1.31%
321	39.47%	60.51%	 0.02%
322	38.09%	58.09%	 3.82%
323	38.15%	57.75%	 4.10%
324	68.85%	31.15%	 0.00%
325	44.91%	55.09%	 0.00%
326	 9.55%	 4.15%	86.30%
327	39.98%	60.00%	 0.02%
328	11.56%	 5.68%	82.75%
329	74.83%	25.17%	 0.00%
330	60.86%	39.14%	 0.00%
331	37.37%	62.54%	 0.09%
332	 4.39%	 1.08%	94.53%
333	49.76%	50.24%	 0.00%
334	28.07%	24.63%	47.30%
335	97.01%	 2.99%	 0.00%
336	42.06%	57.93%	 0.01%
337	37.55%	60.37%	 2.08%
338	37.53%	62.39%	 0.08%
339	39.61%	60.37%	 0.02%
340	63.06%	36.94%	 0.00%
341	41.37%	58.62%	 0.01%
342	98.88%	 1.12%	 0.00%
343	36.41%	42.01%	21.58%
344	38.17%	61.78%	 0.05%
345	22.46%	16.80%	60.75%
346	37.13%	62.75%	 0.12%
347	60.33%	39.67%	 0.00%
348	57.90%	42.10%	 0.00%
349	37.59%	60.24%	 2.17%
350	37.58%	46.39%	16.03%
351	37.81%	62.13%	 0.06%
352	79.11%	20.89%	 0.00%
353	76.34%	23.66%	 0.00%
354	60.16%	39.84%	 0.00%
355	34.53%	36.88%	28.60%
356	73.66%	26.34%	 0.00%
357	37.66%	59.97%	 2.36%
358	38.98%	60.99%	 0.03%
359	73.22%	26.78%	 0.00%
360	37.89%	62.05%	 0.06%
361	36.74%	62.68%	 0.59%
362	38.44%	54.41%	 7.15%
363	36.70%	63.02%	 0.29%
364	65.72%	34.28%	 0.00%
365	37.76%	62.17%	 0.06%
366	74.46%	25.54%	 0.00%
367	38.17%	57.61%	 4.22%
368	49.73%	50.27%	 0.00%
369	40.53%	59.45%	 0.01%
370	56.78%	43.22%	 0.00%
371	37.16%	44.63%	18.21%
372	33.94%	35.52%	30.53%
373	19.82%	13.66%	66.52%
374	48.53%	51.47%	 0.00%
375	51.80%	48.20%	 0.00%
376	42.01%	57.98%	 0.01%
377	38.28%	56.79%	 4.93%
378	36.72%	62.75%	 0.54%
379	38.66%	61.31%	 0.03%
380	45.68%	54.32%	 0.00%
381	37.60%	60.19%	 2.21%
382	43.96%	56.04%	 0.00%
383	41.96%	58.03%	 0.01%
384	10.01%	 4.48%	85.51%
385	53.35%	46.65%	 0.00%
386	37.48%	60.59%	 1.93%
387	97.69%	 2.31%	 0.00%
388	35.05%	38.17%	26.78%
389	50.90%	49.10%	 0.00%
390	99.76%	 0.24%	 0.00%
391	45.20%	54.80%	 0.00%
392	 3.27%	 0.62%	96.11%
393	39.64%	60.34%	 0.02%
394	38.40%	55.53%	 6.07%
395	51.64%	48.36%	 0.00%
396	37.65%	60.04%	 2.32%
397	38.44%	52.97%	 8.59%
398	36.79%	63.00%	 0.21%
399	72.21%	27.79%	 0.00%
400	38.54%	61.42%	 0.04%
401	36.69%	62.83%	 0.48%
402	77.56%	22.44%	 0.00%
403	33.79%	35.17%	31.04%
404	37.19%	61.47%	 1.35%
405	39.78%	60.20%	 0.02%
406	79.47%	20.53%	 0.00%
407	37.17%	44.66%	18.16%
408	44.09%	55.91%	 0.00%
409	77.92%	22.08%	 0.00%
410	99.98%	 0.02%	 0.00%
411	42.27%	57.73%	 0.01%
412	24.90%	19.99%	55.10%
413	53.30%	46.70%	 0.00%
414	37.60%	62.33%	 0.07%
415	94.48%	 5.52%	 0.00%
416	39.68%	60.30%	 0.02%
417	48.04%	51.96%	 0.00%
418	38.51%	61.46%	 0.04%
419	36.73%	62.71%	 0.56%
420	53.24%	46.76%	 0.00%
421	36.83%	62.98%	 0.19%
422	40.06%	59.93%	 0.02%
423	70.53%	29.47%	 0.00%
424	74.35%	25.65%	 0.00%
425	60.26%	39.74%	 0.00%
426	32.57%	32.58%	34.85%
427	38.30%	50.84%	10.87%
428	36.67%	62.98%	 0.35%
429	37.05%	62.82%	 0.13%
430	36.69%	62.84%	 0.47%
431	68.86%	31.14%	 0.00%
432	45.04%	54.96%	 0.00%
433	38.35%	51.44%	10.21%
434	44.50%	55.49%	 0.00%
435	45.43%	54.57%	 0.00%
436	47.77%	52.23%	 0.00%
437	37.69%	59.89%	 2.43%
438	56.99%	43.01%	 0.00%
439	36.96%	62.89%	 0.15%
440	38.33%	56.40%	 5.27%
441	62.14%	37.86%	 0.00%
442	36.64%	42.75%	20.61%
443	31.55%	30.60%	37.85%
444	86.54%	13.46%	 0.00%
445	47.40%	52.60%	 0.00%
446	33.14%	33.76%	33.10%
447	40.84%	59.15%	 0.01%
448	55.27%	44.73%	 0.00%
449	38.72%	61.25%	 0.03%
450	48.88%	51.12%	 0.00%
451	29.24%	26.52%	44.24%
452	38.57%	61.40%	 0.04%
453	38.20%	50.00%	11.80%
454	48.81%	51.19%	 0.00%
455	87.57%	12.43%	 0.00%
456	36.70%	62.81%	 0.49%
457	92.70%	 7.30%	 0.00%
458	47.69%	52.30%	 0.00%
459	80.09%	19.91%	 0.00%
460	85.22%	14.78%	 0.00%
461	48.67%	51.33%	 0.00%
462	42.94%	57.05%	 0.01%
463	38.86%	61.11%	 0.03%
464	36.67%	62.96%	 0.37%
465	39.11%	60.86%	 0.03%
466	42.41%	57.58%	 0.01%
467	51.84%	48.16%	 0.00%
468	 2.80%	 0.46%	96.74%
469	45.47%	54.52%	 0.00%
470	37.93%	58.91%	 3.16%
471	18.55%	12.26%	69.20%
472	37.54%	62.38%	 0.08%
473	63.07%	36.93%	 0.00%
474	67.82%	32.18%	 0.00%
475	54.42%	45.58%	 0.00%
476	38.03%	61.92%	 0.05%
477	36.92%	62.17%	 0.90%
478	40.31%	59.68%	 0.01%
479	38.26%	50.46%	11.28%
480	49.92%	50.08%	 0.00%
481	98.80%	 1.20%	 0.00%
482	53.13%	46.87%	 0.00%
483	47.03%	52.97%	 0.00%
484	100.00%	 0.00%	 0.00%
485	33.81%	35.22%	30.97%
486	39.93%	60.06%	 0.02%
487	37.44%	45.77%	16.79%
488	36.97%	62.88%	 0.15%
489	93.44%	 6.56%	 0.00%
490	65.09%	34.91%	 0.00%
491	31.35%	30.22%	38.44%
492	96.35%	 3.65%	 0.00%
493	73.48%	26.52%	 0.00%
494	55.46%	44.54%	 0.00%
495	 4.87%	 1.31%	93.82%
496	46.79%	53.21%	 0.00%
497	49.72%	50.28%	 0.00%
498	56.88%	43.12%	 0.00%
499	36.86%	62.96%	 0.18%
500	 4.65%	 1.20%	94.14%
501	 3.69%	 0.79%	95.52%
502	 4.80%	 1.27%	93.93%
503	 4.85%	 1.30%	93.85%
504	10.87%	 5.13%	84.00%
505	 3.11%	 0.57%	96.32%
506	15.82%	 9.46%	74.72%
507	14.35%	 8.08%	77.57%
508	21.98%	16.20%	61.82%
509	 2.29%	 0.31%	97.40%
510	 1.33%	 0.09%	98.58%
511	 5.67%	 1.71%	92.62%
512	12.49%	 6.45%	81.06%
513	 7.06%	 2.50%	90.44%
514	 0.92%	 0.03%	99.05%
515	 9.39%	 4.04%	86.57%
516	 2.28%	 0.30%	97.42%
517	10.73%	 5.03%	84.25%
518	13.62%	 7.42%	78.96%
519	 3.33%	 0.65%	96.02%
520	12.91%	 6.80%	80.29%
521	 7.29%	 2.64%	90.08%
522	 4.71%	 1.23%	94.06%
523	13.25%	 7.10%	79.65%
524	 4.72%	 1.23%	94.05%
525	 7.72%	 2.91%	89.37%
526	 9.75%	 4.29%	85.96%
527	 2.97%	 0.52%	96.52%
528	 4.12%	 0.96%	94.92%
529	22.22%	16.51%	61.27%
530	17.23%	10.88%	71.89%
531	 0.78%	 0.02%	99.20%
532	 4.01%	 0.92%	95.08%
533	 4.16%	 0.98%	94.86%
534	 7.35%	 2.68%	89.98%
535	 6.42%	 2.12%	91.46%
536	 7.16%	 2.56%	90.29%
537	 8.53%	 3.44%	88.03%
538	 1.52%	 0.12%	98.36%
539	 1.15%	 0.06%	98.78%
540	 5.03%	 1.39%	93.58%
541	 2.60%	 0.40%	97.00%
542	 4.71%	 1.23%	94.05%
543	 6.70%	 2.28%	91.02%
544	 2.35%	 0.32%	97.33%
545	 7.16%	 2.56%	90.28%
546	24.21%	19.06%	56.73%
547	 2.74%	 0.44%	96.82%
548	 3.64%	 0.77%	95.59%
549	 3.78%	 0.82%	95.40%
550	22.77%	17.19%	60.05%
551	 1.77%	 0.17%	98.06%
552	 5.12%	 1.43%	93.46%
553	 2.86%	 0.48%	96.66%
554	 1.12%	 0.06%	98.82%
555	 6.57%	 2.21%	91.23%
556	 4.95%	 1.35%	93.70%
557	 8.33%	 3.31%	88.36%
558	 7.76%	 2.93%	89.30%
559	 1.60%	 0.14%	98.26%
560	 3.57%	 0.74%	95.69%
561	 8.33%	 3.31%	88.36%
562	 4.43%	 1.10%	94.47%
563	13.38%	 7.21%	79.42%
564	11.25%	 5.44%	83.31%
565	 1.68%	 0.16%	98.16%
566	 4.44%	 1.10%	94.46%
567	 3.18%	 0.59%	96.23%
568	10.57%	 4.90%	84.53%
569	 6.28%	 2.04%	91.67%
570	 1.90%	 0.21%	97.89%
571	 5.50%	 1.62%	92.88%
572	 5.94%	 1.85%	92.21%
573	24.35%	19.25%	56.40%
574	 7.76%	 2.93%	89.30%
575	 1.18%	 0.07%	98.76%
576	 3.31%	 0.64%	96.05%
577	 2.12%	 0.26%	97.62%
578	 6.70%	 2.29%	91.01%
579	 6.37%	 2.09%	91.54%
580	13.37%	 7.20%	79.42%
581	 1.68%	 0.16%	98.16%
582	 9.72%	 4.27%	86.01%
583	 6.87%	 2.39%	90.74%
584	 1.72%	 0.17%	98.11%
585	 1.78%	 0.18%	98.04%
586	 4.66%	 1.21%	94.13%
587	 3.02%	 0.53%	96.45%
588	 7.99%	 3.08%	88.92%
589	10.69%	 5.00%	84.32%
590	 2.30%	 0.31%	97.39%
591	 2.42%	 0.34%	97.24%
592	 1.56%	 0.13%	98.31%
593	 1.89%	 0.20%	97.91%
594	 0.55%	 0.00%	99.44%
595	 6.78%	 2.33%	90.89%
596	 4.91%	 1.32%	93.77%
597	 4.11%	 0.96%	94.93%
598	 1.72%	 0.16%	98.12%
599	 5.45%	 1.59%	92.96%
600	12.42%	 6.39%	81.20%
601	13.97%	 7.74%	78.29%
602	27.61%	23.92%	48.46%
603	 4.21%	 1.00%	94.79%
604	11.29%	 5.46%	83.25%
605	 2.44%	 0.35%	97.22%
606	 2.05%	 0.24%	97.71%
607	 2.75%	 0.45%	96.80%
608	10.42%	 4.79%	84.79%
609	 6.04%	 1.91%	92.04%
610	 4.00%	 0.91%	95.08%
611	 2.81%	 0.46%	96.73%
612	27.20%	23.30%	49.50%
613	 8.42%	 3.36%	88.22%
614	 7.23%	 2.60%	90.17%
615	20.64%	14.60%	64.76%
616	 1.03%	 0.05%	98.92%
617	 2.63%	 0.41%	96.96%
618	14.88%	 8.57%	76.56%
619	 6.40%	 2.11%	91.49%
620	 4.30%	 1.04%	94.65%
621	 2.20%	 0.28%	97.51%
622	19.85%	13.70%	66.44%
623	 7.15%	 2.55%	90.30%
624	 3.29%	 0.63%	96.08%
625	 2.33%	 0.32%	97.36%
626	 3.66%	 0.77%	95.56%
627	 5.82%	 1.79%	92.39%
628	 5.46%	 1.60%	92.94%
629	 1.33%	 0.09%	98.58%
630	 5.56%	 1.65%	92.78%
631	 3.01%	 0.53%	96.46%
632	 1.77%	 0.18%	98.05%
633	 1.33%	 0.09%	98.58%
634	 4.74%	 1.24%	94.02%
635	31.80%	31.07%	37.13%
636	 3.91%	 0.87%	95.22%
637	 9.70%	 4.25%	86.05%
638	 2.69%	 0.42%	96.89%
639	 7.70%	 2.89%	89.41%
640	 0.83%	 0.02%	99.15%
641	 2.14%	 0.26%	97.60%
642	 1.53%	 0.13%	98.35%
643	10.19%	 4.62%	85.19%
644	 4.27%	 1.03%	94.70%
645	 4.18%	 0.99%	94.83%
646	11.70%	 5.80%	82.50%
647	17.71%	11.37%	70.93%
648	 1.23%	 0.07%	98.69%
649	 2.86%	 0.48%	96.66%
650	 2.79%	 0.46%	96.75%
651	19.11%	12.87%	68.02%
652	18.96%	12.71%	68.34%
653	 0.75%	 0.02%	99.23%
654	 2.30%	 0.31%	97.39%
655	 2.68%	 0.42%	96.90%
656	 2.06%	 0.25%	97.69%
657	 5.56%	 1.65%	92.79%
658	 3.11%	 0.57%	96.32%
659	 5.28%	 1.51%	93.22%
660	19.40%	13.19%	67.41%
661	 7.07%	 2.51%	90.42%
662	11.16%	 5.37%	83.47%
663	 2.93%	 0.50%	96.57%
664	 2.74%	 0.44%	96.82%
665	 2.01%	 0.23%	97.76%
666	 9.74%	 4.28%	85.98%
667	 1.12%	 0.06%	98.82%
668	10.72%	 5.02%	84.26%
669	 3.06%	 0.55%	96.39%
670	 9.88%	 4.39%	85.74%
671	 1.06%	 0.05%	98.89%
672	 2.67%	 0.42%	96.91%
673	 3.28%	 0.63%	96.09%
674	 5.31%	 1.52%	93.17%
675	 2.00%	 0.23%	97.78%
676	 1.29%	 0.08%	98.62%
677	 1.33%	 0.09%	98.58%
678	14.27%	 8.00%	77.73%
679	 3.52%	 0.72%	95.76%
680	 2.76%	 0.45%	96.79%
681	16.29%	 9.93%	73.78%
682	 2.09%	 0.25%	97.65%
683	 3.73%	 0.80%	95.47%
684	 2.37%	 0.33%	97.30%
685	 1.43%	 0.11%	98.47%
686	 8.09%	 3.14%	88.77%
687	 2.73%	 0.44%	96.83%
688	 0.90%	 0.03%	99.07%
689	 4.75%	 1.25%	94.00%
690	 2.06%	 0.24%	97.70%
691	 7.57%	 2.81%	89.61%
692	 1.22%	 0.07%	98.71%
693	 9.13%	 3.85%	87.02%
694	 2.33%	 0.32%	97.36%
695	 2.62%	 0.40%	96.98%
696	 3.07%	 0.55%	96.37%
697	 3.17%	 0.59%	96.25%
698	 2.32%	 0.31%	97.37%
699	13.00%	 6.88%	80.11%
700	 3.96%	 0.90%	95.14%
701	 4.02%	 0.92%	95.06%
702	17.01%	10.65%	72.34%
703	 2.72%	 0.43%	96.85%
704	 1.64%	 0.15%	98.22%
705	 2.28%	 0.30%	97.41%
706	 4.89%	 1.31%	93.80%
707	 7.44%	 2.73%	89.83%
708	 2.06%	 0.25%	97.69%
709	 2.60%	 0.40%	97.00%
710	 2.13%	 0.26%	97.60%
711	 0.78%	 0.02%	99.21%
712	 9.34%	 4.00%	86.66%
713	 1.49%	 0.12%	98.39%
714	 6.11%	 1.95%	91.95%
715	17.35%	11.00%	71.65%
716	 1.20%	 0.07%	98.73%
717	 2.05%	 0.24%	97.71%
718	 1.81%	 0.19%	98.00%
719	10.63%	 4.95%	84.42%
720	 9.73%	 4.28%	85.99%
721	 3.07%	 0.55%	96.38%
722	19.84%	13.69%	66.46%
723	 8.27%	 3.27%	88.46%
724	 1.42%	 0.10%	98.48%
725	 4.54%	 1.15%	94.31%
726	 4.59%	 1.18%	94.23%
727	 5.51%	 1.62%	92.87%
728	 4.98%	 1.36%	93.67%
729	 5.90%	 1.83%	92.27%
730	 4.29%	 1.04%	94.67%
731	 3.04%	 0.54%	96.41%
732	 5.42%	 1.58%	93.00%
733	 6.42%	 2.12%	91.47%
734	 2.42%	 0.34%	97.24%
735	 4.45%	 1.11%	94.44%
736	 4.83%	 1.29%	93.88%
737	 2.52%	 0.37%	97.11%
738	 5.59%	 1.67%	92.74%
739	 1.69%	 0.16%	98.15%
740	12.42%	 6.39%	81.19%
741	 1.83%	 0.19%	97.99%
742	16.67%	10.31%	73.02%
743	 4.50%	 1.14%	94.36%
744	 3.70%	 0.79%	95.51%
745	 1.98%	 0.23%	97.79%
746	 4.14%	 0.97%	94.89%
747	 3.03%	 0.54%	96.43%
748	 2.98%	 0.52%	96.50%
749	 5.80%	 1.78%	92.43%
750	31.88%	31.23%	36.89%
751	 0.64%	 0.01%	99.35%
752	 1.26%	 0.08%	98.67%
753	 0.61%	 0.01%	99.39%
754	 0.62%	 0.01%	99.38%
755	 1.25%	 0.08%	98.67%
756	 1.21%	 0.07%	98.72%
757	 0.73%	 0.01%	99.26%
758	10.37%	 4.75%	84.89%
759	 1.65%	 0.15%	98.20%
760	 3.93%	 0.88%	95.18%
761	 1.28%	 0.08%	98.64%
762	 6.38%	 2.10%	91.53%
763	 0.81%	 0.02%	99.17%
764	 0.47%	 0.00%	99.53%
765	 0.80%	 0.02%	99.18%
766	 0.58%	 0.01%	99.42%
767	 2.57%	 0.39%	97.04%
768	 1.87%	 0.20%	97.94%
769	 1.11%	 0.06%	98.83%
770	 0.63%	 0.01%	99.37%
771	 1.14%	 0.06%	98.80%
772	 1.08%	 0.05%	98.86%
773	 1.45%	 0.11%	98.44%
774	20.28%	14.19%	65.54%
775	 0.50%	 0.00%	99.50%
776	 3.30%	 0.63%	96.07%
777	 0.53%	 0.00%	99.46%
778	 1.91%	 0.21%	97.88%
779	 2.27%	 0.30%	97.43%
780	 1.64%	 0.15%	98.21%
781	 4.98%	 1.36%	93.66%
782	12.21%	 6.22%	81.57%
783	 0.56%	 0.00%	99.44%
784	 0.49%	 0.00%	99.50%
785	 0.87%	 0.03%	99.10%
786	 0.89%	 0.03%	99.08%
787	 4.56%	 1.16%	94.27%
788	14.54%	 8.25%	77.21%
789	 0.69%	 0.01%	99.30%
790	 3.19%	 0.60%	96.21%
791	 1.06%	 0.05%	98.89%
792	 8.65%	 3.52%	87.83%
793	 0.76%	 0.02%	99.22%
794	 0.50%	 0.00%	99.50%
795	 1.05%	 0.05%	98.90%
796	 1.05%	 0.05%	98.90%
797	 0.47%	 0.00%	99.53%
798	 0.96%	 0.04%	99.00%
799	 0.63%	 0.01%	99.37%
800	 0.52%	 0.00%	99.48%
801	 0.90%	 0.03%	99.07%
802	 1.90%	 0.21%	97.89%
803	 1.40%	 0.10%	98.50%
804	 0.81%	 0.02%	99.17%
805	 5.57%	 1.66%	92.78%
806	 0.48%	 0.00%	99.52%
807	 1.40%	 0.10%	98.50%
808	 0.82%	 0.02%	99.16%
809	 0.91%	 0.03%	99.06%
810	 3.46%	 0.70%	95.84%
811	 3.33%	 0.65%	96.03%
812	 1.52%	 0.12%	98.35%
813	 4.50%	 1.13%	94.37%
814	 2.75%	 0.44%	96.81%
815	 6.79%	 2.34%	90.87%
816	 0.49%	 0.00%	99.50%
817	 0.80%	 0.02%	99.18%
818	 0.47%	 0.00%	99.53%
819	 1.76%	 0.17%	98.06%
820	 5.82%	 1.79%	92.39%
821	 1.32%	 0.09%	98.59%
822	 5.98%	 1.87%	92.15%
823	 0.64%	 0.01%	99.35%
824	 0.99%	 0.04%	98.97%
825	 0.57%	 0.01%	99.42%
826	 0.57%	 0.01%	99.43%
827	 0.85%	 0.03%	99.12%
828	 1.69%	 0.16%	98.15%
829	 2.48%	 0.36%	97.16%
830	 7.54%	 2.80%	89.66%
831	 1.03%	 0.05%	98.93%
832	 9.22%	 3.91%	86.87%
833	 6.17%	 1.98%	91.84%
834	 0.72%	 0.01%	99.27%
835	 0.94%	 0.04%	99.02%
836	13.60%	 7.41%	78.99%
837	 0.73%	 0.02%	99.26%
838	 2.64%	 0.41%	96.94%
839	 2.85%	 0.48%	96.68%
840	 2.86%	 0.48%	96.66%
841	 1.79%	 0.18%	98.03%
842	 4.63%	 1.19%	94.17%
843	 1.09%	 0.05%	98.86%
844	 1.72%	 0.17%	98.11%
845	 0.90%	 0.03%	99.07%
846	 0.63%	 0.01%	99.36%
847	 0.48%	 0.00%	99.52%
848	 0.50%	 0.00%	99.50%
849	 2.51%	 0.37%	97.12%
850	 0.63%	 0.01%	99.36%
851	 1.40%	 0.10%	98.50%
852	 0.77%	 0.02%	99.21%
853	 0.70%	 0.01%	99.28%
854	 0.51%	 0.00%	99.49%
855	 1.30%	 0.08%	98.62%
856	 0.96%	 0.04%	99.01%
857	 0.59%	 0.01%	99.40%
858	 0.61%	 0.01%	99.39%
859	 2.41%	 0.34%	97.24%
860	21.33%	15.42%	63.24%
861	 0.63%	 0.01%	99.36%
862	 0.66%	 0.01%	99.33%
863	 0.59%	 0.00%	99.41%
864	 0.67%	 0.01%	99.32%
865	 0.49%	 0.00%	99.50%
866	 4.24%	 1.02%	94.75%
867	 0.63%	 0.01%	99.36%
868	 1.32%	 0.09%	98.60%
869	 1.26%	 0.08%	98.66%
870	 0.78%	 0.02%	99.20%
871	 2.47%	 0.36%	97.17%
872	 2.88%	 0.49%	96.63%
873	 0.81%	 0.02%	99.17%
874	 6.56%	 2.20%	91.24%
875	 0.76%	 0.02%	99.22%
876	 2.75%	 0.45%	96.80%
877	 0.50%	 0.00%	99.50%
878	 1.33%	 0.09%	98.58%
879	 0.59%	 0.01%	99.40%
880	 1.15%	 0.06%	98.79%
881	 1.01%	 0.04%	98.95%
882	 0.49%	 0.00%	99.51%
883	 0.86%	 0.03%	99.11%
884	 1.09%	 0.05%	98.86%
885	 5.86%	 1.81%	92.33%
886	 1.32%	 0.09%	98.59%
887	 0.84%	 0.02%	99.14%
888	 1.21%	 0.07%	98.72%
889	 0.57%	 0.01%	99.42%
890	 0.89%	 0.03%	99.08%
891	 4.24%	 1.01%	94.75%
892	 1.11%	 0.06%	98.83%
893	 0.67%	 0.01%	99.32%
894	 0.65%	 0.01%	99.34%
895	 2.93%	 0.50%	96.57%
896	 0.77%	 0.02%	99.22%
897	 0.53%	 0.00%	99.47%
898	 3.25%	 0.62%	96.13%
899	 1.63%	 0.15%	98.23%
900	 0.49%	 0.00%	99.51%
901	 0.74%	 0.02%	99.25%
902	 5.76%	 1.76%	92.49%
903	 1.20%	 0.07%	98.73%
904	 1.22%	 0.07%	98.71%
905	 1.57%	 0.13%	98.30%
906	 0.53%	 0.00%	99.47%
907	 1.03%	 0.05%	98.92%
908	 1.45%	 0.11%	98.44%
909	 1.00%	 0.04%	98.96%
910	 1.35%	 0.09%	98.56%
911	 2.96%	 0.51%	96.53%
912	 0.86%	 0.03%	99.12%
913	 0.77%	 0.02%	99.21%
914	 0.83%	 0.02%	99.14%
915	 4.19%	 1.00%	94.81%
916	 0.47%	 0.00%	99.52%
917	 2.39%	 0.34%	97.27%
918	17.53%	11.18%	71.29%
919	 1.09%	 0.05%	98.85%
920	 0.85%	 0.03%	99.12%
921	 0.68%	 0.01%	99.31%
922	 0.48%	 0.00%	99.52%
923	 9.32%	 3.99%	86.69%
924	 0.75%	 0.02%	99.23%
925	 0.67%	 0.01%	99.32%
926	 4.20%	 1.00%	94.80%
927	 2.64%	 0.41%	96.95%
928	 1.00%	 0.04%	98.96%
929	 0.49%	 0.00%	99.51%
930	 1.10%	 0.06%	98.84%
931	 0.97%	 0.04%	99.00%
932	 0.48%	 0.00%	99.52%
933	 1.02%	 0.04%	98.93%
934	 7.05%	 2.49%	90.46%
935	 0.52%	 0.00%	99.48%
936	 1.11%	 0.06%	98.84%
937	 0.50%	 0.00%	99.50%
938	 0.61%	 0.01%	99.38%
939	 0.53%	 0.00%	99.47%
940	 1.26%	 0.08%	98.66%
941	 0.87%	 0.03%	99.10%
942	 0.72%	 0.01%	99.26%
943	 2.68%	 0.42%	96.89%
944	 1.24%	 0.07%	98.69%
945	 1.52%	 0.12%	98.36%
946	 0.84%	 0.02%	99.14%
947	 8.34%	 3.31%	88.35%
948	 0.65%	 0.01%	99.34%
949	 1.91%	 0.21%	97.88%
950	 0.92%	 0.03%	99.05%
951	 0.56%	 0.00%	99.44%
952	 0.58%	 0.01%	99.41%
953	 0.66%	 0.01%	99.33%
954	 1.22%	 0.07%	98.70%
955	 1.18%	 0.07%	98.76%
956	 2.35%	 0.32%	97.33%
957	 1.22%	 0.07%	98.71%
958	 0.68%	 0.01%	99.31%
959	 1.80%	 0.18%	98.02%
960	 0.58%	 0.01%	99.41%
961	 6.49%	 2.16%	91.34%
962	 0.68%	 0.01%	99.31%
963	 0.60%	 0.01%	99.39%
964	 0.84%	 0.02%	99.13%
965	 5.76%	 1.76%	92.48%
966	 0.50%	 0.00%	99.50%
967	37.39%	45.54%	17.07%
968	 0.91%	 0.03%	99.06%
969	 1.08%	 0.05%	98.87%
970	 1.62%	 0.14%	98.24%
971	 1.54%	 0.13%	98.33%
972	 1.61%	 0.14%	98.25%
973	 1.00%	 0.04%	98.96%
974	 3.96%	 0.90%	95.14%
975	 5.25%	 1.49%	93.26%
976	 0.59%	 0.00%	99.41%
977	 5.54%	 1.64%	92.81%
978	 0.50%	 0.00%	99.49%
979	 9.89%	 4.40%	85.71%
980	 1.12%	 0.06%	98.82%
981	 1.26%	 0.08%	98.66%
982	 0.51%	 0.00%	99.49%
983	 0.65%	 0.01%	99.34%
984	 1.20%	 0.07%	98.73%
985	 1.24%	 0.07%	98.69%
986	 0.71%	 0.01%	99.27%
987	 2.62%	 0.40%	96.98%
988	 1.83%	 0.19%	97.98%
989	 2.84%	 0.47%	96.69%
990	 1.61%	 0.14%	98.24%
991	 1.74%	 0.17%	98.10%
992	 0.47%	 0.00%	99.53%
993	 5.90%	 1.83%	92.26%
994	 0.65%	 0.01%	99.34%
995	 0.72%	 0.01%	99.27%
996	 0.47%	 0.00%	99.53%
997	 1.06%	 0.05%	98.89%
998	 3.32%	 0.64%	96.04%
999	 0.52%	 0.00%	99.48%
Success rate of  41.10%
