Finding a fit for 50 stars, with 50 walkers for 100 steps.
Graphs will be plotted...
A table will be printed...
Mean acceptance fraction: 0.2346
Star #	Group 1	Group 2	Group 3
0	86.10%	13.89%	 0.02%
1	83.68%	16.19%	 0.13%
2	84.32%	15.59%	 0.08%
3	83.53%	16.33%	 0.14%
4	84.95%	15.00%	 0.05%
5	81.23%	18.33%	 0.44%
6	84.34%	15.58%	 0.08%
7	86.13%	13.85%	 0.02%
8	84.55%	15.38%	 0.07%
9	86.36%	13.63%	 0.01%
10	86.04%	13.95%	 0.02%
11	85.78%	14.20%	 0.02%
12	81.26%	18.31%	 0.43%
13	82.01%	17.67%	 0.31%
14	69.63%	25.00%	 5.37%
15	71.74%	24.17%	 4.09%
16	78.43%	20.46%	 1.11%
17	77.56%	21.05%	 1.39%
18	62.75%	26.85%	10.40%
19	68.38%	25.42%	 6.19%
20	69.14%	25.17%	 5.69%
21	79.55%	19.65%	 0.80%
22	52.78%	27.78%	19.44%
23	66.30%	26.04%	 7.66%
24	81.54%	18.08%	 0.39%
25	54.99%	27.72%	17.29%
26	69.46%	25.06%	 5.48%
27	79.31%	19.83%	 0.86%
28	29.75%	24.41%	45.83%
29	74.02%	23.10%	 2.88%
30	70.60%	24.64%	 4.77%
31	57.11%	27.59%	15.30%
32	57.67%	27.54%	14.78%
33	63.11%	26.78%	10.11%
34	39.13%	26.62%	34.25%
35	72.23%	23.95%	 3.82%
36	37.82%	26.38%	35.81%
37	 5.79%	12.06%	82.15%
38	 2.60%	 8.77%	88.63%
39	 4.80%	11.14%	84.06%
40	 3.91%	10.25%	85.84%
41	 3.70%	10.02%	86.28%
42	 3.67%	10.00%	86.33%
43	 4.68%	11.03%	84.28%
44	 3.16%	 9.42%	87.42%
45	 6.47%	12.65%	80.88%
46	 4.45%	10.80%	84.75%
47	 5.54%	11.84%	82.62%
48	 5.23%	11.55%	83.22%
49	 4.82%	11.16%	84.02%
Success rate of  50.00%
 ____ GROUP 1 _____ 
True mean:      -20.00,  modelled mean:       20.96  + 9.68  -21.72
True std:        10.00,  modelled std:        30.23  +11.25  - 7.88
True fraction:   25.00%, modelled fraction:   47.68% +15.81% -32.47%

 ____ GROUP 2 _____ 
True mean:       30.00,  modelled mean:       41.64  +14.87  -16.21
True std:        20.00,  modelled std:        33.82  +12.15  - 8.64
True fraction:   50.00%, modelled fraction:   18.95% +24.26% -10.01%

 ____ GROUP 3 _____ 
True mean:      100.00,  modelled mean:       86.58  +15.24  -37.08
True std:         5.00,  modelled std:        25.81  +18.86  -17.62
True fraction:   25.00%, modelled fraction:   29.53% +17.67% -12.44%

Finding a fit for 50 stars, with 50 walkers for 100 steps.
Graphs will be plotted...
A table will be printed...
Mean acceptance fraction: 0.2102
Star #	Group 1	Group 2	Group 3
0	64.26%	 9.87%	25.86%
1	52.24%	16.43%	31.33%
2	60.75%	12.21%	27.04%
3	49.40%	17.68%	32.92%
4	64.23%	 6.76%	29.01%
5	62.57%	11.11%	26.32%
6	64.81%	 9.35%	25.84%
7	62.20%	11.35%	26.45%
8	65.26%	 8.75%	25.99%
9	65.33%	 7.62%	27.05%
10	60.68%	12.25%	27.07%
11	57.52%	13.93%	28.55%
12	 0.49%	17.09%	82.41%
13	 0.52%	17.31%	82.17%
14	 3.60%	25.47%	70.93%
15	 2.11%	23.29%	74.60%
16	 4.36%	26.17%	69.47%
17	33.99%	23.63%	42.39%
18	 7.09%	27.66%	65.25%
19	51.17%	16.90%	31.92%
20	 0.77%	18.95%	80.28%
21	11.36%	28.37%	60.27%
22	51.64%	16.70%	31.66%
23	25.44%	26.24%	48.32%
24	 0.54%	17.48%	81.98%
25	38.30%	22.10%	39.59%
26	20.02%	27.51%	52.47%
27	46.73%	18.81%	34.46%
28	 0.75%	18.82%	80.44%
29	46.50%	18.91%	34.60%
30	 3.82%	25.69%	70.49%
31	14.64%	28.28%	57.08%
32	 2.24%	23.55%	74.21%
33	 6.58%	27.47%	65.95%
34	 7.07%	27.65%	65.28%
35	47.02%	18.69%	34.29%
36	 7.52%	27.79%	64.69%
37	 0.00%	 0.82%	99.18%
38	 0.00%	 0.88%	99.12%
39	 0.00%	 1.97%	98.03%
40	 0.00%	 1.05%	98.95%
41	 0.00%	 3.37%	96.63%
42	 0.00%	 2.62%	97.38%
43	 0.00%	 2.78%	97.22%
44	 0.00%	 1.75%	98.25%
45	 0.00%	 2.82%	97.18%
46	 0.00%	 1.71%	98.29%
47	 0.00%	 2.09%	97.91%
48	 0.00%	 1.58%	98.42%
49	 0.00%	 3.00%	96.99%
Success rate of  48.00%
 ____ GROUP 1 _____ 
True mean:      -20.00,  modelled mean:       -9.29  +20.37  - 8.89
True std:        10.00,  modelled std:        21.20  +16.64  -13.33
True fraction:   25.00%, modelled fraction:   18.65% +26.27% - 6.93%

 ____ GROUP 2 _____ 
True mean:       30.00,  modelled mean:       24.26  +24.08  -24.05
True std:        20.00,  modelled std:        27.71  +17.13  -27.34
True fraction:   50.00%, modelled fraction:   12.90% +36.97% - 6.79%

 ____ GROUP 3 _____ 
True mean:      100.00,  modelled mean:       52.37  +27.71  - 4.42
True std:         5.00,  modelled std:        45.54  + 4.24  -10.48
True fraction:   25.00%, modelled fraction:   51.38% +30.69% -32.85%

Finding a fit for 50 stars, with 50 walkers for 100 steps.
Graphs will be plotted...
A table will be printed...
Mean acceptance fraction: 0.2156
Star #	Group 1	Group 2	Group 3
0	53.27%	46.45%	 0.29%
1	41.10%	58.22%	 0.69%
2	34.46%	64.40%	 1.14%
3	57.69%	42.10%	 0.21%
4	51.26%	48.41%	 0.33%
5	42.35%	57.03%	 0.63%
6	45.69%	53.81%	 0.49%
7	31.80%	66.79%	 1.42%
8	47.80%	51.77%	 0.42%
9	61.11%	38.73%	 0.16%
10	47.43%	52.13%	 0.44%
11	21.93%	74.58%	 3.49%
12	 2.01%	33.32%	64.66%
13	15.10%	77.18%	 7.72%
14	 1.10%	21.69%	77.20%
15	14.25%	77.11%	 8.65%
16	 8.32%	70.56%	21.12%
17	15.76%	77.15%	 7.09%
18	25.94%	71.70%	 2.36%
19	13.67%	76.98%	 9.35%
20	 6.93%	66.37%	26.69%
21	 6.49%	64.70%	28.81%
22	11.54%	75.76%	12.70%
23	12.45%	76.43%	11.12%
24	13.18%	76.81%	10.01%
25	 7.94%	69.57%	22.49%
26	13.64%	76.97%	 9.40%
27	20.22%	75.59%	 4.19%
28	 5.43%	59.87%	34.71%
29	11.89%	76.05%	12.07%
30	 7.24%	67.45%	25.30%
31	37.27%	61.81%	 0.92%
32	14.59%	77.15%	 8.26%
33	20.69%	75.33%	 3.98%
34	48.68%	50.92%	 0.40%
35	 6.03%	62.75%	31.22%
36	18.46%	76.43%	 5.11%
37	 0.54%	12.45%	87.02%
38	 0.32%	 8.21%	91.47%
39	 0.71%	15.51%	83.78%
40	 0.50%	11.73%	87.77%
41	 0.80%	17.00%	82.20%
42	 0.60%	13.64%	85.76%
43	 0.39%	 9.68%	89.93%
44	 0.78%	16.72%	82.50%
45	 0.34%	 8.64%	91.02%
46	 0.67%	14.89%	84.43%
47	 0.94%	19.14%	79.92%
48	 0.40%	 9.86%	89.73%
49	 0.53%	12.40%	87.06%
Success rate of  78.00%
 ____ GROUP 1 _____ 
True mean:      -20.00,  modelled mean:        3.81  +23.88  -17.44
True std:        10.00,  modelled std:        30.77  +13.72  - 5.38
True fraction:   25.00%, modelled fraction:   15.49% +29.78% - 8.91%

 ____ GROUP 2 _____ 
True mean:       30.00,  modelled mean:       30.36  +16.15  - 7.29
True std:        20.00,  modelled std:        28.32  +18.21  - 6.60
True fraction:   50.00%, modelled fraction:   50.92% +22.93% -34.31%

 ____ GROUP 3 _____ 
True mean:      100.00,  modelled mean:       80.07  +18.90  -30.05
True std:         5.00,  modelled std:        29.87  +15.41  -21.39
True fraction:   25.00%, modelled fraction:   22.04% +24.14% - 9.65%

Finding a fit for 50 stars, with 50 walkers for 100 steps.
Graphs will be plotted...
A table will be printed...
> /home/tcrun/chronostar/playground/emcee/toyfitter.py(178)fit_group()
-> self.sampler.reset()
(Pdb) (Pdb) Finding a fit for 50 stars, with 50 walkers for 100 steps.
Graphs will be plotted...
A table will be printed...
> /home/tcrun/chronostar/playground/emcee/toyfitter.py(178)fit_group()
-> self.sampler.reset()
(Pdb) Finding a fit for 50 stars, with 50 walkers for 100 steps.
Graphs will be plotted...
A table will be printed...
Mean acceptance fraction: 0.2216
Star #	Group 1	Group 2	Group 3
0	97.07%	 2.84%	 0.09%
1	96.56%	 3.31%	 0.12%
2	94.63%	 5.07%	 0.30%
3	90.71%	 8.45%	 0.84%
4	97.21%	 2.71%	 0.08%
5	98.00%	 1.96%	 0.04%
6	97.13%	 2.79%	 0.08%
7	97.15%	 2.76%	 0.08%
8	96.63%	 3.25%	 0.12%
9	96.69%	 3.20%	 0.11%
10	96.16%	 3.68%	 0.15%
11	95.73%	 4.08%	 0.19%
12	85.25%	12.83%	 1.92%
13	91.66%	 7.65%	 0.69%
14	78.11%	18.09%	 3.80%
15	83.28%	14.33%	 2.39%
16	87.03%	11.44%	 1.53%
17	26.15%	41.64%	32.21%
18	29.64%	41.11%	29.24%
19	76.07%	19.51%	 4.43%
20	 5.11%	34.60%	60.29%
21	88.47%	10.29%	 1.24%
22	38.55%	38.82%	22.63%
23	82.22%	15.12%	 2.66%
24	60.04%	29.35%	10.61%
25	91.51%	 7.78%	 0.71%
26	79.74%	16.94%	 3.33%
27	70.91%	22.92%	 6.18%
28	41.46%	37.83%	20.71%
29	70.58%	23.12%	 6.29%
30	72.43%	21.93%	 5.63%
31	45.04%	36.47%	18.48%
32	94.98%	 4.76%	 0.26%
33	79.87%	16.84%	 3.29%
34	76.64%	19.11%	 4.25%
35	90.06%	 8.99%	 0.95%
36	75.91%	19.61%	 4.48%
37	 2.69%	29.94%	67.37%
38	 1.07%	23.83%	75.10%
39	 2.13%	28.31%	69.57%
40	 1.54%	26.13%	72.32%
41	 0.63%	20.71%	78.66%
42	 1.33%	25.18%	73.49%
43	 1.29%	24.99%	73.72%
44	 0.73%	21.60%	77.66%
45	 1.36%	25.30%	73.35%
46	 0.47%	19.17%	80.37%
47	 0.85%	22.44%	76.71%
48	 1.04%	23.67%	75.29%
49	 0.60%	20.46%	78.95%
Success rate of  56.00%
 ____ GROUP 1 _____ 
True mean:      -20.00,  modelled mean:        6.71  +12.68  - 9.96
True std:        10.00,  modelled std:        28.68  +12.94  - 7.52
True fraction:   25.00%, modelled fraction:   52.75% +21.13% -27.09%

 ____ GROUP 2 _____ 
True mean:       30.00,  modelled mean:       53.50  +20.53  -24.40
True std:        20.00,  modelled std:        32.78  +12.31  - 7.36
True fraction:   50.00%, modelled fraction:   17.27% +31.65% - 9.27%

 ____ GROUP 3 _____ 
True mean:      100.00,  modelled mean:       90.00  +13.34  -34.12
True std:         5.00,  modelled std:        31.97  +11.67  -11.00
True fraction:   25.00%, modelled fraction:   19.72% +21.54% - 7.99%

