MPI doesn't seem to be installed... maybe install it?
_______ GROUP ICOV _______
[[ 0.08169095 -0.08676841  0.01251394  0.          0.          0.        ]
 [-0.08676841  0.12519631 -0.03667345  0.          0.          0.        ]
 [ 0.01251394 -0.03667345  0.02503973  0.          0.          0.        ]
 [ 0.          0.          0.          1.72222567  0.          0.        ]
 [ 0.          0.          0.          0.          1.72222567  0.        ]
 [ 0.          0.          0.          0.          0.          1.72222567]]
9.06167723629e-05
_______ GROUP ICOV _______
[[ 0.08355948 -0.0849728   0.00888869  0.          0.          0.        ]
 [-0.0849728   0.11839581 -0.03124486  0.          0.          0.        ]
 [ 0.00888869 -0.03124486  0.02309601  0.          0.          0.        ]
 [ 0.          0.          0.          1.70509081  0.          0.        ]
 [ 0.          0.          0.          0.          1.70509081  0.        ]
 [ 0.          0.          0.          0.          0.          1.70509081]]
8.92250110276e-05
_______ GROUP ICOV _______
[[ 0.07487236 -0.07092414  0.00296134  0.          0.          0.        ]
 [-0.07092414  0.09144362 -0.01938893  0.          0.          0.        ]
 [ 0.00296134 -0.01938893  0.01779817  0.          0.          0.        ]
 [ 0.          0.          0.          1.70314666  0.          0.        ]
 [ 0.          0.          0.          0.          1.70314666  0.        ]
 [ 0.          0.          0.          0.          0.          1.70314666]]
5.69313742716e-05
_______ GROUP ICOV _______
[[ 0.08375728 -0.09145085  0.017927    0.          0.          0.        ]
 [-0.09145085  0.13539701 -0.04536167  0.          0.          0.        ]
 [ 0.017927   -0.04536167  0.02881278  0.          0.          0.        ]
 [ 0.          0.          0.          1.7204183   0.          0.        ]
 [ 0.          0.          0.          0.          1.7204183   0.        ]
 [ 0.          0.          0.          0.          0.          1.7204183 ]]
9.50112716831e-05
_______ GROUP ICOV _______
[[ 0.08748985 -0.09731515  0.01638562  0.          0.          0.        ]
 [-0.09731515  0.14171833 -0.0415852   0.          0.          0.        ]
 [ 0.01638562 -0.0415852   0.02564032  0.          0.          0.        ]
 [ 0.          0.          0.          1.7109642   0.          0.        ]
 [ 0.          0.          0.          0.          1.7109642   0.        ]
 [ 0.          0.          0.          0.          0.          1.7109642 ]]
9.19829059825e-05
_______ GROUP ICOV _______
[[ 0.07133898 -0.07166128  0.00257324  0.          0.          0.        ]
 [-0.07166128  0.10239098 -0.02151178  0.          0.          0.        ]
 [ 0.00257324 -0.02151178  0.01795377  0.          0.          0.        ]
 [ 0.          0.          0.          1.74501544  0.          0.        ]
 [ 0.          0.          0.          0.          1.74501544  0.        ]
 [ 0.          0.          0.          0.          0.          1.74501544]]
7.00723510765e-05
_______ GROUP ICOV _______
[[ 0.08090006 -0.08009549  0.00905088  0.          0.          0.        ]
 [-0.08009549  0.11132633 -0.03132636  0.          0.          0.        ]
 [ 0.00905088 -0.03132636  0.02326313  0.          0.          0.        ]
 [ 0.          0.          0.          1.72490014  0.          0.        ]
 [ 0.          0.          0.          0.          1.72490014  0.        ]
 [ 0.          0.          0.          0.          0.          1.72490014]]
8.81900883609e-05
_______ GROUP ICOV _______
[[ 0.07773539 -0.0758271   0.0048876   0.          0.          0.        ]
 [-0.0758271   0.10111354 -0.02392432  0.          0.          0.        ]
 [ 0.0048876  -0.02392432  0.02061555  0.          0.          0.        ]
 [ 0.          0.          0.          1.71747756  0.          0.        ]
 [ 0.          0.          0.          0.          1.71747756  0.        ]
 [ 0.          0.          0.          0.          0.          1.71747756]]
7.25984333864e-05
_______ GROUP ICOV _______
[[ 0.09726946 -0.09679326  0.01542754  0.          0.          0.        ]
 [-0.09679326  0.12718548 -0.03815427  0.          0.          0.        ]
 [ 0.01542754 -0.03815427  0.02585553  0.          0.          0.        ]
 [ 0.          0.          0.          1.70778829  0.          0.        ]
 [ 0.          0.          0.          0.          1.70778829  0.        ]
 [ 0.          0.          0.          0.          0.          1.70778829]]
9.81511357087e-05
_______ GROUP ICOV _______
[[ 0.0859085  -0.08910878  0.01313916  0.          0.          0.        ]
 [-0.08910878  0.12570807 -0.03691968  0.          0.          0.        ]
 [ 0.01313916 -0.03691968  0.0245739   0.          0.          0.        ]
 [ 0.          0.          0.          1.70956773  0.          0.        ]
 [ 0.          0.          0.          0.          1.70956773  0.        ]
 [ 0.          0.          0.          0.          0.          1.70956773]]
8.94797515099e-05
_______ GROUP ICOV _______
[[ 0.06934954 -0.06494581  0.00245827  0.          0.          0.        ]
 [-0.06494581  0.08714265 -0.0202547   0.          0.          0.        ]
 [ 0.00245827 -0.0202547   0.01878884  0.          0.          0.        ]
 [ 0.          0.          0.          1.73675519  0.          0.        ]
 [ 0.          0.          0.          0.          1.73675519  0.        ]
 [ 0.          0.          0.          0.          0.          1.73675519]]
6.17431192139e-05
_______ GROUP ICOV _______
[[ 0.07504679 -0.07783807  0.00920299  0.          0.          0.        ]
 [-0.07783807  0.1099276  -0.03065993  0.          0.          0.        ]
 [ 0.00920299 -0.03065993  0.02302937  0.          0.          0.        ]
 [ 0.          0.          0.          1.70282486  0.          0.        ]
 [ 0.          0.          0.          0.          1.70282486  0.        ]
 [ 0.          0.          0.          0.          0.          1.70282486]]
7.17205781498e-05
_______ GROUP ICOV _______
[[ 0.06903424 -0.06672243  0.00316603  0.          0.          0.        ]
 [-0.06672243  0.08983051 -0.02062045  0.          0.          0.        ]
 [ 0.00316603 -0.02062045  0.01893837  0.          0.          0.        ]
 [ 0.          0.          0.          1.73510711  0.          0.        ]
 [ 0.          0.          0.          0.          1.73510711  0.        ]
 [ 0.          0.          0.          0.          0.          1.73510711]]
6.05457928188e-05
_______ GROUP ICOV _______
[[ 0.08035907 -0.08073298  0.00506444  0.          0.          0.        ]
 [-0.08073298  0.11140527 -0.02490555  0.          0.          0.        ]
 [ 0.00506444 -0.02490555  0.02002101  0.          0.          0.        ]
 [ 0.          0.          0.          1.73254048  0.          0.        ]
 [ 0.          0.          0.          0.          1.73254048  0.        ]
 [ 0.          0.          0.          0.          0.          1.73254048]]
8.53227882596e-05
_______ GROUP ICOV _______
[[ 0.0728773  -0.0742443   0.00844472  0.          0.          0.        ]
 [-0.0742443   0.10607148 -0.03041305  0.          0.          0.        ]
 [ 0.00844472 -0.03041305  0.02324305  0.          0.          0.        ]
 [ 0.          0.          0.          1.70608352  0.          0.        ]
 [ 0.          0.          0.          0.          1.70608352  0.        ]
 [ 0.          0.          0.          0.          0.          1.70608352]]
7.30819048483e-05
_______ GROUP ICOV _______
[[ 0.07444177 -0.0708105   0.00604394  0.          0.          0.        ]
 [-0.0708105   0.09459795 -0.02446052  0.          0.          0.        ]
 [ 0.00604394 -0.02446052  0.01948913  0.          0.          0.        ]
 [ 0.          0.          0.          1.73590556  0.          0.        ]
 [ 0.          0.          0.          0.          1.73590556  0.        ]
 [ 0.          0.          0.          0.          0.          1.73590556]]
6.51971411139e-05
_______ GROUP ICOV _______
[[  7.67926392e-02  -6.74040160e-02   9.72404827e-04   0.00000000e+00
    0.00000000e+00   0.00000000e+00]
 [ -6.74040160e-02   8.51485312e-02  -1.89208546e-02   0.00000000e+00
    0.00000000e+00   0.00000000e+00]
 [  9.72404827e-04  -1.89208546e-02   1.96498117e-02   0.00000000e+00
    0.00000000e+00   0.00000000e+00]
 [  0.00000000e+00   0.00000000e+00   0.00000000e+00   1.70153620e+00
    0.00000000e+00   0.00000000e+00]
 [  0.00000000e+00   0.00000000e+00   0.00000000e+00   0.00000000e+00
    1.70153620e+00   0.00000000e+00]
 [  0.00000000e+00   0.00000000e+00   0.00000000e+00   0.00000000e+00
    0.00000000e+00   1.70153620e+00]]
6.95543854731e-05
_______ GROUP ICOV _______
[[ 0.08703164 -0.09054924  0.01579751  0.          0.          0.        ]
 [-0.09054924  0.12641033 -0.04016648  0.          0.          0.        ]
 [ 0.01579751 -0.04016648  0.02683388  0.          0.          0.        ]
 [ 0.          0.          0.          1.71052708  0.          0.        ]
 [ 0.          0.          0.          0.          1.71052708  0.        ]
 [ 0.          0.          0.          0.          0.          1.71052708]]
9.08678227242e-05
_______ GROUP ICOV _______
[[ 0.0783426  -0.07840278  0.00863228  0.          0.          0.        ]
 [-0.07840278  0.11010302 -0.029946    0.          0.          0.        ]
 [ 0.00863228 -0.029946    0.02154287  0.          0.          0.        ]
 [ 0.          0.          0.          1.70359112  0.          0.        ]
 [ 0.          0.          0.          0.          1.70359112  0.        ]
 [ 0.          0.          0.          0.          0.          1.70359112]]
7.65115903761e-05
_______ GROUP ICOV _______
[[  6.61145537e-02  -6.64842564e-02   1.11108236e-03   0.00000000e+00
    0.00000000e+00   0.00000000e+00]
 [ -6.64842564e-02   9.60233807e-02  -1.92793418e-02   0.00000000e+00
    0.00000000e+00   0.00000000e+00]
 [  1.11108236e-03  -1.92793418e-02   1.75206572e-02   0.00000000e+00
    0.00000000e+00   0.00000000e+00]
 [  0.00000000e+00   0.00000000e+00   0.00000000e+00   1.72668328e+00
    0.00000000e+00   0.00000000e+00]
 [  0.00000000e+00   0.00000000e+00   0.00000000e+00   0.00000000e+00
    1.72668328e+00   0.00000000e+00]
 [  0.00000000e+00   0.00000000e+00   0.00000000e+00   0.00000000e+00
    0.00000000e+00   1.72668328e+00]]
6.14776111044e-05
_______ GROUP ICOV _______
[[ 0.07335396 -0.07899763  0.00805709  0.          0.          0.        ]
 [-0.07899763  0.11851425 -0.03080292  0.          0.          0.        ]
 [ 0.00805709 -0.03080292  0.0218236   0.          0.          0.        ]
 [ 0.          0.          0.          1.72215336  0.          0.        ]
 [ 0.          0.          0.          0.          1.72215336  0.        ]
 [ 0.          0.          0.          0.          0.          1.72215336]]
7.89051740873e-05
_______ GROUP ICOV _______
[[ 0.07906539 -0.09415718  0.01835732  0.          0.          0.        ]
 [-0.09415718  0.14901485 -0.04841233  0.          0.          0.        ]
 [ 0.01835732 -0.04841233  0.02991971  0.          0.          0.        ]
 [ 0.          0.          0.          1.7229377   0.          0.        ]
 [ 0.          0.          0.          0.          1.7229377   0.        ]
 [ 0.          0.          0.          0.          0.          1.7229377 ]]
9.76291965114e-05
_______ GROUP ICOV _______
[[ 0.07699166 -0.07123555  0.00351087  0.          0.          0.        ]
 [-0.07123555  0.09362618 -0.02200871  0.          0.          0.        ]
 [ 0.00351087 -0.02200871  0.01936845  0.          0.          0.        ]
 [ 0.          0.          0.          1.73613119  0.          0.        ]
 [ 0.          0.          0.          0.          1.73613119  0.        ]
 [ 0.          0.          0.          0.          0.          1.73613119]]
7.26969810578e-05
_______ GROUP ICOV _______
[[  6.49749763e-02  -6.49482947e-02   1.69098491e-03   0.00000000e+00
    0.00000000e+00   0.00000000e+00]
 [ -6.49482947e-02   9.23334827e-02  -1.88865182e-02   0.00000000e+00
    0.00000000e+00   0.00000000e+00]
 [  1.69098491e-03  -1.88865182e-02   1.69368893e-02   0.00000000e+00
    0.00000000e+00   0.00000000e+00]
 [  0.00000000e+00   0.00000000e+00   0.00000000e+00   1.74013427e+00
    0.00000000e+00   0.00000000e+00]
 [  0.00000000e+00   0.00000000e+00   0.00000000e+00   0.00000000e+00
    1.74013427e+00   0.00000000e+00]
 [  0.00000000e+00   0.00000000e+00   0.00000000e+00   0.00000000e+00
    0.00000000e+00   1.74013427e+00]]
5.72971681802e-05
_______ GROUP ICOV _______
[[  6.74128672e-02  -6.37311721e-02   7.17759855e-04   0.00000000e+00
    0.00000000e+00   0.00000000e+00]
 [ -6.37311721e-02   8.61467637e-02  -1.73185314e-02   0.00000000e+00
    0.00000000e+00   0.00000000e+00]
 [  7.17759855e-04  -1.73185314e-02   1.68307950e-02   0.00000000e+00
    0.00000000e+00   0.00000000e+00]
 [  0.00000000e+00   0.00000000e+00   0.00000000e+00   1.70069731e+00
    0.00000000e+00   0.00000000e+00]
 [  0.00000000e+00   0.00000000e+00   0.00000000e+00   0.00000000e+00
    1.70069731e+00   0.00000000e+00]
 [  0.00000000e+00   0.00000000e+00   0.00000000e+00   0.00000000e+00
    0.00000000e+00   1.70069731e+00]]
5.26483771984e-05
_______ GROUP ICOV _______
[[ 0.08201477 -0.09444063  0.01678132  0.          0.          0.        ]
 [-0.09444063  0.14498999 -0.04555388  0.          0.          0.        ]
 [ 0.01678132 -0.04555388  0.02946577  0.          0.          0.        ]
 [ 0.          0.          0.          1.71253515  0.          0.        ]
 [ 0.          0.          0.          0.          1.71253515  0.        ]
 [ 0.          0.          0.          0.          0.          1.71253515]]
0.000105207554092
_______ GROUP ICOV _______
[[ 0.08202425 -0.07298527  0.00224124  0.          0.          0.        ]
 [-0.07298527  0.09136284 -0.01967342  0.          0.          0.        ]
 [ 0.00224124 -0.01967342  0.01837485  0.          0.          0.        ]
 [ 0.          0.          0.          1.70154956  0.          0.        ]
 [ 0.          0.          0.          0.          1.70154956  0.        ]
 [ 0.          0.          0.          0.          0.          1.70154956]]
6.92208256223e-05
_______ GROUP ICOV _______
[[ 0.08206289 -0.0754049   0.00268664  0.          0.          0.        ]
 [-0.0754049   0.09534629 -0.01997759  0.          0.          0.        ]
 [ 0.00268664 -0.01997759  0.01827024  0.          0.          0.        ]
 [ 0.          0.          0.          1.73911579  0.          0.        ]
 [ 0.          0.          0.          0.          1.73911579  0.        ]
 [ 0.          0.          0.          0.          0.          1.73911579]]
7.21948728361e-05
_______ GROUP ICOV _______
[[ 0.08940382 -0.09280249  0.01456936  0.          0.          0.        ]
 [-0.09280249  0.12706682 -0.03742686  0.          0.          0.        ]
 [ 0.01456936 -0.03742686  0.02490459  0.          0.          0.        ]
 [ 0.          0.          0.          1.73994771  0.          0.        ]
 [ 0.          0.          0.          0.          1.73994771  0.        ]
 [ 0.          0.          0.          0.          0.          1.73994771]]
9.18569146869e-05
_______ GROUP ICOV _______
[[ 0.08294623 -0.08000665  0.00619965  0.          0.          0.        ]
 [-0.08000665  0.10517192 -0.02574535  0.          0.          0.        ]
 [ 0.00619965 -0.02574535  0.0211483   0.          0.          0.        ]
 [ 0.          0.          0.          1.72993186  0.          0.        ]
 [ 0.          0.          0.          0.          1.72993186  0.        ]
 [ 0.          0.          0.          0.          0.          1.72993186]]
8.09546141041e-05
_______ GROUP ICOV _______
[[ 0.09220115 -0.10268689  0.02043828  0.          0.          0.        ]
 [-0.10268689  0.14843996 -0.04733763  0.          0.          0.        ]
 [ 0.02043828 -0.04733763  0.02836975  0.          0.          0.        ]
 [ 0.          0.          0.          1.72923635  0.          0.        ]
 [ 0.          0.          0.          0.          1.72923635  0.        ]
 [ 0.          0.          0.          0.          0.          1.72923635]]
9.93504745064e-05
_______ GROUP ICOV _______
[[ 0.07711664 -0.07928951  0.006677    0.          0.          0.        ]
 [-0.07928951  0.10947458 -0.02671066  0.          0.          0.        ]
 [ 0.006677   -0.02671066  0.02179391  0.          0.          0.        ]
 [ 0.          0.          0.          1.70048697  0.          0.        ]
 [ 0.          0.          0.          0.          1.70048697  0.        ]
 [ 0.          0.          0.          0.          0.          1.70048697]]
7.55202635763e-05
_______ GROUP ICOV _______
[[ 0.08004708 -0.09293166  0.01738016  0.          0.          0.        ]
 [-0.09293166  0.14511686 -0.046536    0.          0.          0.        ]
 [ 0.01738016 -0.046536    0.02892857  0.          0.          0.        ]
 [ 0.          0.          0.          1.72448987  0.          0.        ]
 [ 0.          0.          0.          0.          1.72448987  0.        ]
 [ 0.          0.          0.          0.          0.          1.72448987]]
9.92110232518e-05
_______ GROUP ICOV _______
[[ 0.07153802 -0.07237153  0.00888661  0.          0.          0.        ]
 [-0.07237153  0.1009539  -0.03003069  0.          0.          0.        ]
 [ 0.00888661 -0.03003069  0.02417657  0.          0.          0.        ]
 [ 0.          0.          0.          1.70022667  0.          0.        ]
 [ 0.          0.          0.          0.          1.70022667  0.        ]
 [ 0.          0.          0.          0.          0.          1.70022667]]
6.93762026422e-05
_______ GROUP ICOV _______
[[ 0.07694104 -0.08058565  0.01112919  0.          0.          0.        ]
 [-0.08058565  0.11485229 -0.03435924  0.          0.          0.        ]
 [ 0.01112919 -0.03435924  0.02539954  0.          0.          0.        ]
 [ 0.          0.          0.          1.7317221   0.          0.        ]
 [ 0.          0.          0.          0.          1.7317221   0.        ]
 [ 0.          0.          0.          0.          0.          1.7317221 ]]
8.34951177798e-05
_______ GROUP ICOV _______
[[ 0.07247312 -0.07268159  0.00337335  0.          0.          0.        ]
 [-0.07268159  0.10006225 -0.02183859  0.          0.          0.        ]
 [ 0.00337335 -0.02183859  0.01950985  0.          0.          0.        ]
 [ 0.          0.          0.          1.71816465  0.          0.        ]
 [ 0.          0.          0.          0.          1.71816465  0.        ]
 [ 0.          0.          0.          0.          0.          1.71816465]]
6.80936536029e-05
_______ GROUP ICOV _______
[[ 0.08060898 -0.07613576  0.00554887  0.          0.          0.        ]
 [-0.07613576  0.09801978 -0.02376687  0.          0.          0.        ]
 [ 0.00554887 -0.02376687  0.02007249  0.          0.          0.        ]
 [ 0.          0.          0.          1.71903438  0.          0.        ]
 [ 0.          0.          0.          0.          1.71903438  0.        ]
 [ 0.          0.          0.          0.          0.          1.71903438]]
6.99768252765e-05
_______ GROUP ICOV _______
[[ 0.08581684 -0.08635529  0.01166936  0.          0.          0.        ]
 [-0.08635529  0.11911542 -0.0341833   0.          0.          0.        ]
 [ 0.01166936 -0.0341833   0.02366516  0.          0.          0.        ]
 [ 0.          0.          0.          1.71195347  0.          0.        ]
 [ 0.          0.          0.          0.          1.71195347  0.        ]
 [ 0.          0.          0.          0.          0.          1.71195347]]
8.94479915968e-05
_______ GROUP ICOV _______
[[ 0.07807551 -0.08860949  0.01575729  0.          0.          0.        ]
 [-0.08860949  0.13599468 -0.04381213  0.          0.          0.        ]
 [ 0.01575729 -0.04381213  0.02892244  0.          0.          0.        ]
 [ 0.          0.          0.          1.7270585   0.          0.        ]
 [ 0.          0.          0.          0.          1.7270585   0.        ]
 [ 0.          0.          0.          0.          0.          1.7270585 ]]
9.64230528847e-05
_______ GROUP ICOV _______
[[ 0.08224188 -0.07792067  0.00461798  0.          0.          0.        ]
 [-0.07792067  0.10324113 -0.02410827  0.          0.          0.        ]
 [ 0.00461798 -0.02410827  0.02035766  0.          0.          0.        ]
 [ 0.          0.          0.          1.70193552  0.          0.        ]
 [ 0.          0.          0.          0.          1.70193552  0.        ]
 [ 0.          0.          0.          0.          0.          1.70193552]]
8.18156962806e-05
_______ GROUP ICOV _______
[[ 0.07436378 -0.07380675  0.002645    0.          0.          0.        ]
 [-0.07380675  0.10250047 -0.02080864  0.          0.          0.        ]
 [ 0.002645   -0.02080864  0.01756225  0.          0.          0.        ]
 [ 0.          0.          0.          1.72772261  0.          0.        ]
 [ 0.          0.          0.          0.          1.72772261  0.        ]
 [ 0.          0.          0.          0.          0.          1.72772261]]
6.91273294888e-05
_______ GROUP ICOV _______
[[ 0.08671771 -0.0969546   0.01505437  0.          0.          0.        ]
 [-0.0969546   0.1437823  -0.04097242  0.          0.          0.        ]
 [ 0.01505437 -0.04097242  0.02520764  0.          0.          0.        ]
 [ 0.          0.          0.          1.72380967  0.          0.        ]
 [ 0.          0.          0.          0.          1.72380967  0.        ]
 [ 0.          0.          0.          0.          0.          1.72380967]]
9.62360334999e-05
_______ GROUP ICOV _______
[[ 0.08734085 -0.0878787   0.01517504  0.          0.          0.        ]
 [-0.0878787   0.12018703 -0.03970023  0.          0.          0.        ]
 [ 0.01517504 -0.03970023  0.02852394  0.          0.          0.        ]
 [ 0.          0.          0.          1.70741373  0.          0.        ]
 [ 0.          0.          0.          0.          1.70741373  0.        ]
 [ 0.          0.          0.          0.          0.          1.70741373]]
9.8016326272e-05
_______ GROUP ICOV _______
[[ 0.08539995 -0.10228451  0.02056946  0.          0.          0.        ]
 [-0.10228451  0.16451789 -0.0546026   0.          0.          0.        ]
 [ 0.02056946 -0.0546026   0.03329849  0.          0.          0.        ]
 [ 0.          0.          0.          1.72234082  0.          0.        ]
 [ 0.          0.          0.          0.          1.72234082  0.        ]
 [ 0.          0.          0.          0.          0.          1.72234082]]
0.000127745184454
_______ GROUP ICOV _______
[[ 0.07357122 -0.07886633  0.00743623  0.          0.          0.        ]
 [-0.07886633  0.11683938 -0.02916978  0.          0.          0.        ]
 [ 0.00743623 -0.02916978  0.02102849  0.          0.          0.        ]
 [ 0.          0.          0.          1.73336685  0.          0.        ]
 [ 0.          0.          0.          0.          1.73336685  0.        ]
 [ 0.          0.          0.          0.          0.          1.73336685]]
7.87427917571e-05
_______ GROUP ICOV _______
[[ 0.07965644 -0.07176844  0.00499287  0.          0.          0.        ]
 [-0.07176844  0.09200659 -0.02360069  0.          0.          0.        ]
 [ 0.00499287 -0.02360069  0.02008099  0.          0.          0.        ]
 [ 0.          0.          0.          1.71909679  0.          0.        ]
 [ 0.          0.          0.          0.          1.71909679  0.        ]
 [ 0.          0.          0.          0.          0.          1.71909679]]
7.10886741721e-05
_______ GROUP ICOV _______
[[ 0.09065802 -0.09135194  0.01068108  0.          0.          0.        ]
 [-0.09135194  0.12374054 -0.03333873  0.          0.          0.        ]
 [ 0.01068108 -0.03333873  0.02438877  0.          0.          0.        ]
 [ 0.          0.          0.          1.72964467  0.          0.        ]
 [ 0.          0.          0.          0.          1.72964467  0.        ]
 [ 0.          0.          0.          0.          0.          1.72964467]]
0.000104759879223
_______ GROUP ICOV _______
[[ 0.08620226 -0.09485516  0.01516013  0.          0.          0.        ]
 [-0.09485516  0.13910165 -0.04066847  0.          0.          0.        ]
 [ 0.01516013 -0.04066847  0.02550347  0.          0.          0.        ]
 [ 0.          0.          0.          1.71954719  0.          0.        ]
 [ 0.          0.          0.          0.          1.71954719  0.        ]
 [ 0.          0.          0.          0.          0.          1.71954719]]
9.54024730007e-05
_______ GROUP ICOV _______
[[ 0.07560787 -0.07700064  0.00616442  0.          0.          0.        ]
 [-0.07700064  0.10878785 -0.02710407  0.          0.          0.        ]
 [ 0.00616442 -0.02710407  0.02166658  0.          0.          0.        ]
 [ 0.          0.          0.          1.71930083  0.          0.        ]
 [ 0.          0.          0.          0.          1.71930083  0.        ]
 [ 0.          0.          0.          0.          0.          1.71930083]]
8.03092345421e-05
_______ GROUP ICOV _______
[[ 0.0911874  -0.10267986  0.02125638  0.          0.          0.        ]
 [-0.10267986  0.15041769 -0.04973175  0.          0.          0.        ]
 [ 0.02125638 -0.04973175  0.03074693  0.          0.          0.        ]
 [ 0.          0.          0.          1.72197137  0.          0.        ]
 [ 0.          0.          0.          0.          1.72197137  0.        ]
 [ 0.          0.          0.          0.          0.          1.72197137]]
0.000108031254759
_______ GROUP ICOV _______
[[ 0.07814708 -0.07754739  0.01028756  0.          0.          0.        ]
 [-0.07754739  0.1071205  -0.03313937  0.          0.          0.        ]
 [ 0.01028756 -0.03313937  0.0258835   0.          0.          0.        ]
 [ 0.          0.          0.          1.73789575  0.          0.        ]
 [ 0.          0.          0.          0.          1.73789575  0.        ]
 [ 0.          0.          0.          0.          0.          1.73789575]]
8.78551012191e-05
_______ GROUP ICOV _______
[[ 0.08634115 -0.09809377  0.01387863  0.          0.          0.        ]
 [-0.09809377  0.14832996 -0.04017747  0.          0.          0.        ]
 [ 0.01387863 -0.04017747  0.02459799  0.          0.          0.        ]
 [ 0.          0.          0.          1.73305394  0.          0.        ]
 [ 0.          0.          0.          0.          1.73305394  0.        ]
 [ 0.          0.          0.          0.          0.          1.73305394]]
0.000102985535515
_______ GROUP ICOV _______
[[ 0.07805244 -0.07383438  0.00408381  0.          0.          0.        ]
 [-0.07383438  0.09573089 -0.02162503  0.          0.          0.        ]
 [ 0.00408381 -0.02162503  0.01893831  0.          0.          0.        ]
 [ 0.          0.          0.          1.71015516  0.          0.        ]
 [ 0.          0.          0.          0.          1.71015516  0.        ]
 [ 0.          0.          0.          0.          0.          1.71015516]]
6.60656319288e-05
_______ GROUP ICOV _______
[[ 0.07411068 -0.07247053  0.00341061  0.          0.          0.        ]
 [-0.07247053  0.09780684 -0.02178461  0.          0.          0.        ]
 [ 0.00341061 -0.02178461  0.01970737  0.          0.          0.        ]
 [ 0.          0.          0.          1.72032394  0.          0.        ]
 [ 0.          0.          0.          0.          1.72032394  0.        ]
 [ 0.          0.          0.          0.          0.          1.72032394]]
7.0297875425e-05
_______ GROUP ICOV _______
[[ 0.06722078 -0.06895156  0.00636441  0.          0.          0.        ]
 [-0.06895156  0.09923432 -0.02610934  0.          0.          0.        ]
 [ 0.00636441 -0.02610934  0.02034036  0.          0.          0.        ]
 [ 0.          0.          0.          1.74469986  0.          0.        ]
 [ 0.          0.          0.          0.          1.74469986  0.        ]
 [ 0.          0.          0.          0.          0.          1.74469986]]
6.3993792103e-05
_______ GROUP ICOV _______
[[ 0.08705765 -0.07645411  0.00415249  0.          0.          0.        ]
 [-0.07645411  0.09202833 -0.02102555  0.          0.          0.        ]
 [ 0.00415249 -0.02102555  0.01872483  0.          0.          0.        ]
 [ 0.          0.          0.          1.74376081  0.          0.        ]
 [ 0.          0.          0.          0.          1.74376081  0.        ]
 [ 0.          0.          0.          0.          0.          1.74376081]]
7.34121720411e-05
_______ GROUP ICOV _______
[[ 0.06954    -0.06891284  0.00660283  0.          0.          0.        ]
 [-0.06891284  0.09702156 -0.02647205  0.          0.          0.        ]
 [ 0.00660283 -0.02647205  0.02054473  0.          0.          0.        ]
 [ 0.          0.          0.          1.70922089  0.          0.        ]
 [ 0.          0.          0.          0.          1.70922089  0.        ]
 [ 0.          0.          0.          0.          0.          1.70922089]]
6.07970074866e-05
_______ GROUP ICOV _______
[[ 0.07817985 -0.08161142  0.00907186  0.          0.          0.        ]
 [-0.08161142  0.11634621 -0.03074312  0.          0.          0.        ]
 [ 0.00907186 -0.03074312  0.02187153  0.          0.          0.        ]
 [ 0.          0.          0.          1.73600047  0.          0.        ]
 [ 0.          0.          0.          0.          1.73600047  0.        ]
 [ 0.          0.          0.          0.          0.          1.73600047]]
8.01752351149e-05
_______ GROUP ICOV _______
[[ 0.08321766 -0.08317662  0.01090764  0.          0.          0.        ]
 [-0.08317662  0.11263122 -0.03179733  0.          0.          0.        ]
 [ 0.01090764 -0.03179733  0.02249069  0.          0.          0.        ]
 [ 0.          0.          0.          1.70334548  0.          0.        ]
 [ 0.          0.          0.          0.          1.70334548  0.        ]
 [ 0.          0.          0.          0.          0.          1.70334548]]
7.5921119561e-05
_______ GROUP ICOV _______
[[ 0.07619978 -0.09010813  0.01460451  0.          0.          0.        ]
 [-0.09010813  0.14366442 -0.04318156  0.          0.          0.        ]
 [ 0.01460451 -0.04318156  0.027814    0.          0.          0.        ]
 [ 0.          0.          0.          1.74310714  0.          0.        ]
 [ 0.          0.          0.          0.          1.74310714  0.        ]
 [ 0.          0.          0.          0.          0.          1.74310714]]
0.000103673454046
_______ GROUP ICOV _______
[[ 0.08037657 -0.08920653  0.01372128  0.          0.          0.        ]
 [-0.08920653  0.13538959 -0.04126297  0.          0.          0.        ]
 [ 0.01372128 -0.04126297  0.02805664  0.          0.          0.        ]
 [ 0.          0.          0.          1.70144525  0.          0.        ]
 [ 0.          0.          0.          0.          1.70144525  0.        ]
 [ 0.          0.          0.          0.          0.          1.70144525]]
0.000102053763285
_______ GROUP ICOV _______
[[ 0.07220774 -0.07702884  0.00982231  0.          0.          0.        ]
 [-0.07702884  0.11255291 -0.03275843  0.          0.          0.        ]
 [ 0.00982231 -0.03275843  0.02468318  0.          0.          0.        ]
 [ 0.          0.          0.          1.73155118  0.          0.        ]
 [ 0.          0.          0.          0.          1.73155118  0.        ]
 [ 0.          0.          0.          0.          0.          1.73155118]]
7.98102573796e-05
_______ GROUP ICOV _______
[[ 0.08159573 -0.08542985  0.01246378  0.          0.          0.        ]
 [-0.08542985  0.11833965 -0.03468607  0.          0.          0.        ]
 [ 0.01246378 -0.03468607  0.02499531  0.          0.          0.        ]
 [ 0.          0.          0.          1.71685498  0.          0.        ]
 [ 0.          0.          0.          0.          1.71685498  0.        ]
 [ 0.          0.          0.          0.          0.          1.71685498]]
8.22111899851e-05
_______ GROUP ICOV _______
[[ 0.07831362 -0.07334807  0.00539248  0.          0.          0.        ]
 [-0.07334807  0.09685665 -0.02424378  0.          0.          0.        ]
 [ 0.00539248 -0.02424378  0.01980238  0.          0.          0.        ]
 [ 0.          0.          0.          1.73203732  0.          0.        ]
 [ 0.          0.          0.          0.          1.73203732  0.        ]
 [ 0.          0.          0.          0.          0.          1.73203732]]
7.27513964034e-05
_______ GROUP ICOV _______
[[  8.16635539e-02  -7.58392748e-02   1.00499407e-03   0.00000000e+00
    0.00000000e+00   0.00000000e+00]
 [ -7.58392748e-02   9.83994162e-02  -1.92847130e-02   0.00000000e+00
    0.00000000e+00   0.00000000e+00]
 [  1.00499407e-03  -1.92847130e-02   1.89331459e-02   0.00000000e+00
    0.00000000e+00   0.00000000e+00]
 [  0.00000000e+00   0.00000000e+00   0.00000000e+00   1.71689597e+00
    0.00000000e+00   0.00000000e+00]
 [  0.00000000e+00   0.00000000e+00   0.00000000e+00   0.00000000e+00
    1.71689597e+00   0.00000000e+00]
 [  0.00000000e+00   0.00000000e+00   0.00000000e+00   0.00000000e+00
    0.00000000e+00   1.71689597e+00]]
7.95271021412e-05
_______ GROUP ICOV _______
[[ 0.08005061 -0.07757378  0.00513987  0.          0.          0.        ]
 [-0.07757378  0.10556928 -0.02589908  0.          0.          0.        ]
 [ 0.00513987 -0.02589908  0.02180127  0.          0.          0.        ]
 [ 0.          0.          0.          1.73123372  0.          0.        ]
 [ 0.          0.          0.          0.          1.73123372  0.        ]
 [ 0.          0.          0.          0.          0.          1.73123372]]
8.93291757606e-05
_______ GROUP ICOV _______
[[  8.09777567e-02  -7.15688327e-02   1.28296349e-03   0.00000000e+00
    0.00000000e+00   0.00000000e+00]
 [ -7.15688327e-02   8.91264508e-02  -1.93026367e-02   0.00000000e+00
    0.00000000e+00   0.00000000e+00]
 [  1.28296349e-03  -1.93026367e-02   1.99151816e-02   0.00000000e+00
    0.00000000e+00   0.00000000e+00]
 [  0.00000000e+00   0.00000000e+00   0.00000000e+00   1.71117718e+00
    0.00000000e+00   0.00000000e+00]
 [  0.00000000e+00   0.00000000e+00   0.00000000e+00   0.00000000e+00
    1.71117718e+00   0.00000000e+00]
 [  0.00000000e+00   0.00000000e+00   0.00000000e+00   0.00000000e+00
    0.00000000e+00   1.71117718e+00]]
7.49173232373e-05
_______ GROUP ICOV _______
[[ 0.07803728 -0.07724429  0.00601868  0.          0.          0.        ]
 [-0.07724429  0.1068952  -0.02614684  0.          0.          0.        ]
 [ 0.00601868 -0.02614684  0.02021583  0.          0.          0.        ]
 [ 0.          0.          0.          1.70722716  0.          0.        ]
 [ 0.          0.          0.          0.          1.70722716  0.        ]
 [ 0.          0.          0.          0.          0.          1.70722716]]
7.51566338937e-05
_______ GROUP ICOV _______
[[ 0.07878756 -0.07810093  0.00982737  0.          0.          0.        ]
 [-0.07810093  0.1096112  -0.03326375  0.          0.          0.        ]
 [ 0.00982737 -0.03326375  0.02532201  0.          0.          0.        ]
 [ 0.          0.          0.          1.73086769  0.          0.        ]
 [ 0.          0.          0.          0.          1.73086769  0.        ]
 [ 0.          0.          0.          0.          0.          1.73086769]]
9.08597983778e-05
_______ GROUP ICOV _______
[[ 0.07533823 -0.07229712  0.00446145  0.          0.          0.        ]
 [-0.07229712  0.09502645 -0.02185348  0.          0.          0.        ]
 [ 0.00446145 -0.02185348  0.01863202  0.          0.          0.        ]
 [ 0.          0.          0.          1.71708993  0.          0.        ]
 [ 0.          0.          0.          0.          1.71708993  0.        ]
 [ 0.          0.          0.          0.          0.          1.71708993]]
6.19080136448e-05
_______ GROUP ICOV _______
[[ 0.07874971 -0.08224694  0.01376255  0.          0.          0.        ]
 [-0.08224694  0.1182221  -0.03886352  0.          0.          0.        ]
 [ 0.01376255 -0.03886352  0.02777993  0.          0.          0.        ]
 [ 0.          0.          0.          1.73881507  0.          0.        ]
 [ 0.          0.          0.          0.          1.73881507  0.        ]
 [ 0.          0.          0.          0.          0.          1.73881507]]
9.12595002497e-05
_______ GROUP ICOV _______
[[ 0.08056298 -0.08447984  0.01050183  0.          0.          0.        ]
 [-0.08447984  0.11956316 -0.03338607  0.          0.          0.        ]
 [ 0.01050183 -0.03338607  0.02465523  0.          0.          0.        ]
 [ 0.          0.          0.          1.70201656  0.          0.        ]
 [ 0.          0.          0.          0.          1.70201656  0.        ]
 [ 0.          0.          0.          0.          0.          1.70201656]]
8.76796191399e-05
_______ GROUP ICOV _______
[[ 0.074022   -0.07549485  0.00807135  0.          0.          0.        ]
 [-0.07549485  0.10645447 -0.02859787  0.          0.          0.        ]
 [ 0.00807135 -0.02859787  0.02119433  0.          0.          0.        ]
 [ 0.          0.          0.          1.70812362  0.          0.        ]
 [ 0.          0.          0.          0.          1.70812362  0.        ]
 [ 0.          0.          0.          0.          0.          1.70812362]]
6.77445573585e-05
_______ GROUP ICOV _______
[[ 0.07477856 -0.07638576  0.0075118   0.          0.          0.        ]
 [-0.07638576  0.10820627 -0.02851349  0.          0.          0.        ]
 [ 0.0075118  -0.02851349  0.02165159  0.          0.          0.        ]
 [ 0.          0.          0.          1.72471182  0.          0.        ]
 [ 0.          0.          0.          0.          1.72471182  0.        ]
 [ 0.          0.          0.          0.          0.          1.72471182]]
7.53204877616e-05
_______ GROUP ICOV _______
[[ 0.07304272 -0.06925581  0.00229308  0.          0.          0.        ]
 [-0.06925581  0.0889462  -0.01804923  0.          0.          0.        ]
 [ 0.00229308 -0.01804923  0.01712096  0.          0.          0.        ]
 [ 0.          0.          0.          1.69863095  0.          0.        ]
 [ 0.          0.          0.          0.          1.69863095  0.        ]
 [ 0.          0.          0.          0.          0.          1.69863095]]
5.18730259036e-05
_______ GROUP ICOV _______
[[ 0.09017062 -0.10215695  0.01978383  0.          0.          0.        ]
 [-0.10215695  0.15021368 -0.04725593  0.          0.          0.        ]
 [ 0.01978383 -0.04725593  0.02861231  0.          0.          0.        ]
 [ 0.          0.          0.          1.7205544   0.          0.        ]
 [ 0.          0.          0.          0.          1.7205544   0.        ]
 [ 0.          0.          0.          0.          0.          1.7205544 ]]
0.000100891870713
_______ GROUP ICOV _______
[[ 0.07120936 -0.07137533  0.0023619   0.          0.          0.        ]
 [-0.07137533  0.10181529 -0.02113823  0.          0.          0.        ]
 [ 0.0023619  -0.02113823  0.01777102  0.          0.          0.        ]
 [ 0.          0.          0.          1.74627972  0.          0.        ]
 [ 0.          0.          0.          0.          1.74627972  0.        ]
 [ 0.          0.          0.          0.          0.          1.74627972]]
6.95003034099e-05
_______ GROUP ICOV _______
[[ 0.08774697 -0.08159777  0.01055043  0.          0.          0.        ]
 [-0.08159777  0.10781244 -0.03319781  0.          0.          0.        ]
 [ 0.01055043 -0.03319781  0.02524875  0.          0.          0.        ]
 [ 0.          0.          0.          1.71838613  0.          0.        ]
 [ 0.          0.          0.          0.          1.71838613  0.        ]
 [ 0.          0.          0.          0.          0.          1.71838613]]
9.74269226043e-05
_______ GROUP ICOV _______
[[ 0.07907828 -0.0774181   0.00663949  0.          0.          0.        ]
